1 1
2 2
3 3
4 3
5 4
6 5
7 6
8 7
9 8
10 8
11 9
12 10
13 11
14 12
15 12
16 12
17 13
18 14
19 15
20 16
21 16
22 16
23 17
24 17
25 18
26 19
27 20
28 21
29 21
30 22
31 23
32 23
33 24
34 25
35 26
36 27
37 28
38 29
39 30
40 31
41 32
42 32
43 32
44 33
45 33
46 34
47 35
48 35
49 36
50 37
51 38
52 39
53 40
54 40
55 41
56 42
57 43
58 44
59 45
60 46
61 47
62 48
63 49
64 50
65 51
66 52
67 53
68 53
69 54
70 55
71 55
72 56
73 56
74 57
75 58
76 59
77 60
78 61
79 62
80 63
81 63
82 64
83 65
84 66
85 67
86 68
87 69
88 70
89 71
90 71
91 72
92 73
93 74
94 75
95 76
96 77
97 77
98 78
99 79
100 80
101 81
102 82
103 83
104 84
105 85
106 86
107 87
108 87
109 88
110 88
111 89
112 90
113 90
114 90
115 91
116 92
117 93
118 94
119 94
120 95
121 96
122 96
123 97
124 97
125 97
126 98
127 99
128 99
129 100
130 101
131 102
132 103
133 104
134 105
135 105
136 106
137 107
138 108
139 109
140 110
141 111
142 112
143 112
144 113
145 114
146 115
147 115
148 116
149 117
150 118
151 119
152 120
153 120
154 121
155 121
156 122
157 123
158 124
159 125
160 126
161 127
162 128
163 129
164 130
165 130
166 131
167 132
168 133
169 134
170 135
171 136
172 137
173 138
174 139
175 140
176 140
177 141
178 142
179 143
180 144
181 144
182 145
183 146
184 147
185 147
186 148
187 149
188 150
189 151
190 152
191 153
192 154
193 155
194 156
195 157
196 158
197 159
198 160
199 161
200 162
201 162
202 163
203 164
204 165
205 166
206 167
207 168
208 168
209 169
210 170
211 171
212 172
213 173
214 173
215 174
216 175
217 176
218 177
219 178
220 179
221 179
222 179
223 180
224 181
225 182
226 183
227 184
228 184
229 184
230 185
231 186
232 187
233 187
234 188
235 189
236 190
237 191
238 192
239 192
240 192
241 193
242 194
243 195
244 196
245 197
246 198
247 199
248 200
249 201
250 201
251 202
252 202
253 203
254 204
255 204
256 205
257 206
258 207
259 208
260 208
261 209
262 210
263 211
264 212
265 213
266 214
267 215
268 216
269 217
270 218
271 219
272 219
273 220
274 220
275 221
276 222
277 223
278 223
279 224
280 225
281 226
282 227
283 228
284 229
285 229
286 230
287 231
288 231
289 231
290 232
291 232
292 233
293 234
294 234
295 235
296 235
297 236
298 236
299 236
300 237
301 237
302 238
303 239
304 240
305 241
306 242
307 242
308 243
309 244
310 245
311 246
312 246
313 247
314 248
315 249
316 249
317 250
318 250
319 250
320 250
321 250
322 251
323 252
324 253
325 253
326 253
327 253
328 254
329 255
330 256
331 256
332 257
333 258
334 259
335 260
336 261
337 262
338 262
339 263
340 264
341 265
342 266
343 267
344 268
345 269
346 270
347 271
348 272
349 273
350 274
351 275
352 276
353 277
354 278
355 278
356 279
357 280
358 281
359 281
360 282
361 283
362 284
363 285
364 286
365 287
366 288
367 289
368 290
369 291
370 292
371 292
372 293
373 294
374 295
375 296
376 296
377 297
378 298
379 299
380 300
381 301
382 302
383 303
384 303
385 304
386 305
387 306
388 306
389 307
390 307
391 308
392 309
393 310
394 311
395 312
396 313
397 313
398 314
399 314
400 314
401 315
402 315
403 316
404 317
405 318
406 319
407 320
408 321
409 322
410 323
411 324
412 324
413 325
414 326
415 327
416 328
417 329
418 329
419 330
420 331
421 332
422 333
423 334
424 334
425 335
426 336
427 337
428 338
429 339
430 340
431 341
432 342
433 343
434 344
435 345
436 346
437 347
438 348
439 348
440 349
441 349
442 350
443 351
444 352
445 353
446 353
447 354
448 355
449 356
450 357
451 358
452 359
453 360
454 360
455 360
456 361
457 362
458 363
459 363
460 364
461 365
462 366
463 367
464 368
465 369
466 370
467 371
468 372
469 373
470 374
471 375
472 376
473 377
474 378
475 378
476 379
477 379
478 380
479 381
480 382
481 382
482 383
483 384
484 385
485 386
486 387
487 388
488 389
489 389
490 390
491 391
492 392
493 393
494 394
495 395
496 395
497 395
498 396
499 397
500 398
501 399
502 400
503 401
504 402
505 403
506 404
507 405
508 406
509 406
510 407
511 408
512 408
513 409
514 410
515 411
516 412
517 413
518 414
519 414
520 415
521 416
522 417
523 418
524 419
525 420
526 421
527 422
528 422
529 423
530 424
531 425
532 426
533 426
534 426
535 427
536 428
537 429
538 429
539 430
540 431
541 431
542 432
543 433
544 434
545 435
546 436
547 436
548 437
549 438
550 438
551 439
552 439
553 440
554 440
555 441
556 442
557 442
558 443
559 444
560 445
561 446
562 447
563 447
564 448
565 449
566 450
567 451
568 452
569 452
570 452
571 452
572 453
573 454
574 455
575 455
576 456
577 457
578 457
579 458
580 458
581 459
582 460
583 461
584 462
585 463
586 464
587 465
588 466
589 467
590 468
591 469
592 470
593 471
594 472
595 473
596 474
597 475
598 476
599 477
600 477
601 478
602 478
603 479
604 480
605 481
606 482
607 483
608 484
609 485
610 485
611 486
612 487
613 488
614 489
615 490
616 490
617 491
618 492
619 493
620 494
621 495
622 496
623 497
624 498
625 499
626 500
627 500
628 501
629 501
630 502
631 503
632 504
633 505
634 506
635 506
636 507
637 508
638 509
639 510
640 511
641 512
642 513
643 514
644 515
645 516
646 517
647 518
648 519
649 519
650 520
651 521
652 521
653 522
654 522
655 523
656 523
657 524
658 525
659 526
660 527
661 528
662 528
663 529
664 529
665 529
666 529
667 529
668 530
669 530
670 531
671 531
672 532
673 533
674 534
675 535
676 536
677 537
678 538
679 539
680 540
681 541
682 542
683 543
684 544
685 544
686 545
687 546
688 547
689 548
690 548
691 549
692 550
693 551
694 552
695 553
696 554
697 555
698 555
699 556
700 556
701 557
702 557
703 558
704 559
705 560
706 560
707 561
708 562
709 563
710 564
711 565
712 566
713 567
714 568
715 569
716 570
717 571
718 572
719 573
720 574
721 575
722 576
723 577
724 577
725 578
726 579
727 579
728 580
729 581
730 582
731 583
732 584
733 585
734 586
735 587
736 588
737 589
738 590
739 591
740 592
741 593
742 594
743 595
744 596
745 597
746 598
747 599
748 599
749 600
750 600
751 600
752 600
753 601
754 602
755 603
756 604
757 605
758 606
759 607
760 608
761 609
762 610
763 611
764 612
765 613
766 614
767 615
768 616
769 617
770 618
771 619
772 620
773 621
774 622
775 623
776 623
777 624
778 625
779 626
780 627
781 628
782 629
783 630
784 631
785 632
786 633
787 633
788 634
789 634
790 635
791 636
792 637
793 638
794 639
795 640
796 640
797 641
798 642
799 642
800 642
801 643
802 644
803 644
804 645
805 646
806 647
807 648
808 649
809 650
810 651
811 651
812 652
813 653
814 654
815 655
816 655
817 656
818 657
819 658
820 659
821 659
822 659
823 660
824 661
825 662
826 663
827 663
828 664
829 665
830 666
831 667
832 668
833 669
834 670
835 671
836 672
837 673
838 674
839 674
840 674
841 675
842 676
843 677
844 678
845 679
846 680
847 681
848 682
849 683
850 684
851 685
852 686
853 687
854 688
855 689
856 689
857 690
858 691
859 692
860 693
861 693
862 693
863 694
864 694
865 695
866 696
867 696
868 696
869 696
870 697
871 698
872 699
873 700
874 701
875 702
876 702
877 703
878 704
879 705
880 706
881 707
882 708
883 709
884 710
885 711
886 712
887 713
888 714
889 715
890 716
891 717
892 718
893 719
894 720
895 721
896 722
897 723
898 724
899 725
900 726
901 727
902 727
903 728
904 728
905 729
906 729
907 730
908 731
909 732
910 732
911 733
912 734
913 735
914 736
915 737
916 738
917 739
918 740
919 741
920 742
921 743
922 744
923 744
924 745
925 746
926 747
927 748
928 749
929 750
930 751
931 751
932 752
933 752
934 753
935 754
936 755
937 755
938 756
939 756
940 757
941 758
942 759
943 760
944 760
945 760
946 761
947 762
948 763
949 763
950 764
951 765
952 766
953 767
954 768
955 769
956 770
957 771
958 772
959 773
960 774
961 775
962 776
963 777
964 778
965 779
966 780
967 781
968 782
969 783
970 784
971 785
972 786
973 787
974 788
975 789
976 790
977 790
978 790
979 791
980 792
981 793
982 794
983 795
984 796
985 796
986 797
987 798
988 798
989 799
990 799
991 800
992 801
993 801
994 802
995 803
996 804
997 804
998 805
999 806
1000 807
1001 808
1002 809
1003 810
1004 810
1005 811
1006 812
1007 813
1008 813
1009 814
1010 815
1011 816
1012 816
1013 817
1014 817
1015 818
1016 819
1017 820
1018 821
1019 822
1020 823
1021 824
1022 825
1023 826
1024 827
1025 827
1026 828
1027 829
1028 830
1029 831
1030 832
1031 833
1032 834
1033 835
1034 836
1035 837
1036 838
1037 839
1038 840
1039 841
1040 842
1041 843
1042 843
1043 844
1044 844
1045 845
1046 846
1047 846
1048 847
1049 848
1050 849
1051 850
1052 851
1053 851
1054 852
1055 853
1056 854
1057 854
1058 855
1059 855
1060 856
1061 857
1062 858
1063 859
1064 860
1065 861
1066 862
1067 863
1068 864
1069 864
1070 865
1071 866
1072 867
1073 867
1074 867
1075 868
1076 869
1077 869
1078 870
1079 870
1080 870
1081 871
1082 871
1083 872
1084 873
1085 874
1086 875
1087 875
1088 876
1089 877
1090 878
1091 879
1092 880
1093 881
1094 881
1095 882
1096 883
1097 884
1098 885
1099 886
1100 887
1101 888
1102 889
1103 890
1104 890
1105 890
1106 891
1107 892
1108 893
1109 894
1110 894
1111 895
1112 896
1113 897
1114 898
1115 899
1116 900
1117 901
1118 902
1119 903
1120 904
1121 905
1122 906
1123 907
1124 908
1125 909
1126 910
1127 911
1128 912
1129 913
1130 914
1131 914
1132 915
1133 916
1134 916
1135 917
1136 917
1137 918
1138 918
1139 919
1140 920
1141 921
1142 922
1143 922
1144 923
1145 924
1146 925
1147 926
1148 927
1149 927
1150 928
1151 928
1152 928
1153 928
1154 929
1155 930
1156 931
1157 932
1158 933
1159 933
1160 934
1161 934
1162 935
1163 936
1164 937
1165 938
1166 938
1167 939
1168 940
1169 941
1170 942
1171 942
1172 943
1173 944
1174 945
1175 946
1176 947
1177 948
1178 948
1179 948
1180 949
1181 950
1182 951
1183 952
1184 952
1185 952
1186 952
1187 952
1188 952
1189 952
1190 952
1191 953
1192 954
1193 954
1194 955
1195 955
1196 956
1197 957
1198 958
1199 959
1200 960
1201 961
1202 962
1203 963
1204 964
1205 965
1206 965
1207 966
1208 967
1209 968
1210 969
1211 970
1212 971
1213 972
1214 973
1215 974
1216 975
1217 976
1218 977
1219 977
1220 978
1221 979
1222 980
1223 980
1224 981
1225 981
1226 981
1227 982
1228 982
1229 983
1230 984
1231 984
1232 985
1233 986
1234 987
1235 988
1236 988
1237 989
1238 990
1239 991
1240 992
1241 993
1242 994
1243 995
1244 996
1245 996
1246 996
1247 996
1248 997
1249 998
1250 999
1251 999
1252 1000
1253 1001
1254 1002
1255 1003
1256 1004
1257 1005
1258 1006
1259 1007
1260 1008
1261 1009
1262 1010
1263 1011
1264 1012
1265 1013
1266 1013
1267 1014
1268 1015
1269 1016
1270 1017
1271 1018
1272 1019
1273 1020
1274 1021
1275 1022
1276 1023
1277 1024
1278 1025
1279 1026
1280 1027
1281 1028
1282 1029
1283 1030
1284 1030
1285 1030
1286 1031
1287 1032
1288 1033
1289 1034
1290 1034
1291 1035
1292 1036
1293 1037
1294 1037
1295 1038
1296 1039
1297 1040
1298 1040
1299 1041
1300 1041
1301 1041
1302 1042
1303 1042
1304 1043
1305 1043
1306 1044
1307 1045
1308 1046
1309 1046
1310 1047
1311 1048
1312 1048
1313 1049
1314 1050
1315 1050
1316 1051
1317 1052
1318 1052
1319 1052
1320 1052
1321 1052
1322 1053
1323 1053
1324 1054
1325 1055
1326 1056
1327 1056
1328 1057
1329 1058
1330 1058
1331 1059
1332 1059
1333 1059
1334 1059
1335 1060
1336 1061
1337 1062
1338 1062
1339 1062
1340 1063
1341 1064
1342 1065
1343 1065
1344 1066
1345 1067
1346 1068
1347 1069
1348 1070
1349 1071
1350 1071
1351 1071
1352 1072
1353 1073
1354 1074
1355 1075
1356 1076
1357 1077
1358 1078
1359 1079
1360 1080
1361 1081
1362 1082
1363 1083
1364 1084
1365 1085
1366 1086
1367 1087
1368 1087
1369 1088
1370 1089
1371 1090
1372 1091
1373 1092
1374 1093
1375 1094
1376 1095
1377 1095
1378 1096
1379 1097
1380 1098
1381 1099
1382 1100
1383 1101
1384 1102
1385 1103
1386 1104
1387 1105
1388 1105
1389 1106
1390 1107
1391 1107
1392 1108
1393 1108
1394 1109
1395 1109
1396 1110
1397 1111
1398 1112
1399 1112
1400 1113
1401 1114
1402 1114
1403 1115
1404 1116
1405 1117
1406 1118
1407 1118
1408 1119
1409 1120
1410 1121
1411 1122
1412 1123
1413 1124
1414 1125
1415 1125
1416 1126
1417 1126
1418 1127
1419 1128
1420 1129
1421 1129
1422 1130
1423 1131
1424 1132
1425 1133
1426 1134
1427 1134
1428 1135
1429 1135
1430 1136
1431 1137
1432 1137
1433 1138
1434 1138
1435 1139
1436 1140
1437 1141
1438 1141
1439 1142
1440 1143
1441 1144
1442 1145
1443 1146
1444 1147
1445 1148
1446 1149
1447 1150
1448 1151
1449 1152
1450 1152
1451 1152
1452 1153
1453 1153
1454 1154
1455 1155
1456 1156
1457 1156
1458 1157
1459 1158
1460 1159
1461 1160
1462 1161
1463 1161
1464 1161
1465 1162
1466 1163
1467 1164
1468 1165
1469 1166
1470 1167
1471 1168
1472 1169
1473 1170
1474 1171
1475 1172
1476 1173
1477 1174
1478 1175
1479 1176
1480 1176
1481 1177
1482 1177
1483 1178
1484 1179
1485 1180
1486 1180
1487 1181
1488 1182
1489 1183
1490 1184
1491 1185
1492 1185
1493 1185
1494 1186
1495 1187
1496 1188
1497 1189
1498 1190
1499 1191
1500 1191
1501 1191
1502 1192
1503 1193
1504 1194
1505 1195
1506 1196
1507 1197
1508 1198
1509 1199
1510 1200
1511 1201
1512 1202
1513 1203
1514 1204
1515 1204
1516 1204
1517 1205
1518 1206
1519 1207
1520 1207
1521 1208
1522 1209
1523 1209
1524 1209
1525 1210
1526 1210
1527 1211
1528 1211
1529 1212
1530 1213
1531 1214
1532 1215
1533 1215
1534 1216
1535 1216
1536 1217
1537 1218
1538 1219
1539 1219
1540 1220
1541 1221
1542 1222
1543 1223
1544 1224
1545 1225
1546 1226
1547 1227
1548 1227
1549 1228
1550 1229
1551 1230
1552 1231
1553 1232
1554 1232
1555 1232
1556 1233
1557 1234
1558 1234
1559 1235
1560 1236
1561 1237
1562 1238
1563 1239
1564 1240
1565 1241
1566 1241
1567 1242
1568 1243
1569 1243
1570 1244
1571 1245
1572 1246
1573 1247
1574 1248
1575 1249
1576 1250
1577 1251
1578 1252
1579 1252
1580 1252
1581 1253
1582 1254
1583 1255
1584 1256
1585 1257
1586 1258
1587 1258
1588 1259
1589 1260
1590 1261
1591 1262
1592 1262
1593 1263
1594 1264
1595 1265
1596 1266
1597 1267
1598 1268
1599 1269
1600 1269
1601 1270
1602 1271
1603 1271
1604 1271
1605 1272
1606 1273
1607 1273
1608 1273
1609 1274
1610 1275
1611 1275
1612 1275
1613 1276
1614 1277
1615 1278
1616 1278
1617 1279
1618 1279
1619 1279
1620 1279
1621 1280
1622 1281
1623 1282
1624 1283
1625 1284
1626 1285
1627 1285
1628 1286
1629 1286
1630 1287
1631 1287
1632 1288
1633 1288
1634 1289
1635 1290
1636 1291
1637 1292
1638 1293
1639 1293
1640 1293
1641 1294
1642 1294
1643 1295
1644 1296
1645 1297
1646 1298
1647 1299
1648 1300
1649 1301
1650 1302
1651 1303
1652 1304
1653 1305
1654 1306
1655 1307
1656 1307
1657 1308
1658 1309
1659 1310
1660 1311
1661 1312
1662 1313
1663 1314
1664 1315
1665 1316
1666 1317
1667 1318
1668 1319
1669 1320
1670 1321
1671 1321
1672 1322
1673 1323
1674 1323
1675 1324
1676 1325
1677 1326
1678 1326
1679 1327
1680 1328
1681 1328
1682 1328
1683 1329
1684 1330
1685 1330
1686 1331
1687 1332
1688 1333
1689 1334
1690 1335
1691 1336
1692 1336
1693 1337
1694 1338
1695 1339
1696 1339
1697 1340
1698 1341
1699 1342
1700 1343
1701 1344
1702 1345
1703 1346
1704 1347
1705 1348
1706 1349
1707 1350
1708 1350
1709 1351
1710 1351
1711 1352
1712 1353
1713 1354
1714 1355
1715 1355
1716 1356
1717 1356
1718 1357
1719 1358
1720 1358
1721 1359
1722 1359
1723 1360
1724 1361
1725 1362
1726 1363
1727 1364
1728 1365
1729 1366
1730 1367
1731 1367
1732 1368
1733 1369
1734 1370
1735 1371
1736 1371
1737 1372
1738 1373
1739 1374
1740 1375
1741 1376
1742 1376
1743 1377
1744 1378
1745 1379
1746 1380
1747 1381
1748 1382
1749 1383
1750 1384
1751 1384
1752 1385
1753 1386
1754 1387
1755 1387
1756 1388
1757 1389
1758 1389
1759 1390
1760 1390
1761 1391
1762 1391
1763 1391
1764 1392
1765 1392
1766 1393
1767 1394
1768 1395
1769 1396
1770 1396
1771 1397
1772 1398
1773 1399
1774 1400
1775 1401
1776 1402
1777 1403
1778 1404
1779 1405
1780 1405
1781 1405
1782 1405
1783 1406
1784 1407
1785 1408
1786 1409
1787 1410
1788 1410
1789 1411
1790 1412
1791 1413
1792 1414
1793 1415
1794 1416
1795 1417
1796 1417
1797 1418
1798 1419
1799 1420
1800 1421
1801 1422
1802 1423
1803 1424
1804 1425
1805 1426
1806 1426
1807 1427
1808 1428
1809 1429
1810 1430
1811 1431
1812 1431
1813 1432
1814 1433
1815 1434
1816 1435
1817 1436
1818 1437
1819 1438
1820 1438
1821 1439
1822 1440
1823 1441
1824 1442
1825 1443
1826 1444
1827 1445
1828 1445
1829 1446
1830 1447
1831 1448
1832 1449
1833 1450
1834 1451
1835 1452
1836 1452
1837 1453
1838 1454
1839 1455
1840 1456
1841 1456
1842 1457
1843 1458
1844 1459
1845 1460
1846 1461
1847 1462
1848 1463
1849 1463
1850 1464
1851 1464
1852 1465
1853 1466
1854 1467
1855 1468
1856 1469
1857 1470
1858 1471
1859 1471
1860 1471
1861 1472
1862 1473
1863 1474
1864 1475
1865 1475
1866 1476
1867 1477
1868 1478
1869 1478
1870 1478
1871 1478
1872 1479
1873 1479
1874 1480
1875 1480
1876 1481
1877 1482
1878 1483
1879 1484
1880 1485
1881 1486
1882 1486
1883 1487
1884 1488
1885 1489
1886 1490
1887 1490
1888 1491
1889 1492
1890 1493
1891 1494
1892 1494
1893 1495
1894 1496
1895 1497
1896 1498
1897 1499
1898 1500
1899 1501
1900 1502
1901 1503
1902 1504
1903 1504
1904 1505
1905 1505
1906 1506
1907 1507
1908 1508
1909 1509
1910 1509
1911 1510
1912 1511
1913 1512
1914 1513
1915 1514
1916 1515
1917 1516
1918 1517
1919 1518
1920 1519
1921 1520
1922 1521
1923 1522
1924 1522
1925 1523
1926 1524
1927 1525
1928 1526
1929 1527
1930 1527
1931 1528
1932 1528
1933 1529
1934 1530
1935 1530
1936 1531
1937 1532
1938 1532
1939 1533
1940 1534
1941 1535
1942 1536
1943 1537
1944 1538
1945 1539
1946 1539
1947 1540
1948 1541
1949 1541
1950 1542
1951 1543
1952 1544
1953 1545
1954 1546
1955 1546
1956 1547
1957 1548
1958 1549
1959 1550
1960 1551
1961 1551
1962 1552
1963 1553
1964 1554
1965 1555
1966 1556
1967 1557
1968 1558
1969 1559
1970 1560
1971 1561
1972 1562
1973 1563
1974 1564
1975 1565
1976 1566
1977 1567
1978 1568
1979 1569
1980 1570
1981 1571
1982 1572
1983 1573
1984 1574
1985 1575
1986 1576
1987 1577
1988 1578
1989 1579
1990 1580
1991 1581
1992 1582
1993 1583
1994 1583
1995 1584
1996 1585
1997 1586
1998 1587
1999 1588
2000 1589
2001 1590
2002 1590
2003 1591
2004 1592
2005 1592
2006 1593
2007 1594
2008 1595
2009 1595
2010 1596
2011 1596
2012 1597
2013 1598
2014 1599
2015 1600
2016 1601
2017 1602
2018 1603
2019 1604
2020 1605
2021 1606
2022 1607
2023 1607
2024 1608
2025 1609
2026 1610
2027 1611
2028 1612
2029 1613
2030 1614
2031 1615
2032 1616
2033 1617
2034 1618
2035 1618
2036 1618
2037 1619
2038 1620
2039 1621
2040 1622
2041 1623
2042 1623
2043 1624
2044 1625
2045 1626
2046 1627
2047 1628
2048 1629
2049 1630
2050 1631
2051 1632
2052 1633
2053 1634
2054 1634
2055 1635
2056 1636
2057 1637
2058 1638
2059 1639
2060 1640
2061 1641
2062 1642
2063 1643
2064 1644
2065 1645
2066 1645
2067 1645
2068 1645
2069 1646
2070 1647
2071 1648
2072 1649
2073 1650
2074 1650
2075 1651
2076 1651
2077 1652
2078 1653
2079 1654
2080 1655
2081 1656
2082 1657
2083 1658
2084 1659
2085 1659
2086 1660
2087 1660
2088 1661
2089 1661
2090 1662
2091 1662
2092 1663
2093 1664
2094 1665
2095 1666
2096 1667
2097 1668
2098 1668
2099 1669
2100 1670
2101 1671
2102 1672
2103 1673
2104 1673
2105 1674
2106 1675
2107 1676
2108 1677
2109 1678
2110 1679
2111 1680
2112 1681
2113 1681
2114 1681
2115 1682
2116 1683
2117 1684
2118 1684
2119 1685
2120 1686
2121 1687
2122 1687
2123 1687
2124 1688
2125 1688
2126 1689
2127 1690
2128 1691
2129 1691
2130 1692
2131 1693
2132 1694
2133 1695
2134 1696
2135 1697
2136 1697
2137 1698
2138 1699
2139 1700
2140 1701
2141 1702
2142 1702
2143 1703
2144 1704
2145 1705
2146 1706
2147 1707
2148 1707
2149 1708
2150 1709
2151 1710
2152 1711
2153 1712
2154 1712
2155 1713
2156 1714
2157 1715
2158 1716
2159 1717
2160 1718
2161 1719
2162 1720
2163 1721
2164 1722
2165 1723
2166 1724
2167 1725
2168 1726
2169 1727
2170 1727
2171 1727
2172 1728
2173 1729
2174 1730
2175 1731
2176 1731
2177 1732
2178 1733
2179 1734
2180 1735
2181 1735
2182 1736
2183 1737
2184 1738
2185 1739
2186 1740
2187 1741
2188 1742
2189 1742
2190 1743
2191 1744
2192 1745
2193 1746
2194 1746
2195 1747
2196 1748
2197 1749
2198 1750
2199 1751
2200 1751
2201 1752
2202 1753
2203 1754
2204 1754
2205 1754
2206 1754
2207 1755
2208 1755
2209 1755
2210 1756
2211 1756
2212 1756
2213 1756
2214 1757
2215 1758
2216 1759
2217 1760
2218 1761
2219 1762
2220 1763
2221 1764
2222 1765
2223 1765
2224 1765
2225 1765
2226 1766
2227 1767
2228 1768
2229 1769
2230 1770
2231 1771
2232 1772
2233 1773
2234 1774
2235 1775
2236 1776
2237 1777
2238 1778
2239 1778
2240 1779
2241 1780
2242 1781
2243 1782
2244 1783
2245 1784
2246 1785
2247 1786
2248 1787
2249 1788
2250 1789
2251 1790
2252 1790
2253 1791
2254 1792
2255 1793
2256 1794
2257 1795
2258 1796
2259 1797
2260 1798
2261 1798
2262 1799
2263 1800
2264 1801
2265 1802
2266 1803
2267 1803
2268 1804
2269 1805
2270 1805
2271 1806
2272 1807
2273 1808
2274 1809
2275 1810
2276 1811
2277 1811
2278 1812
2279 1813
2280 1814
2281 1815
2282 1816
2283 1817
2284 1817
2285 1818
2286 1818
2287 1819
2288 1820
2289 1821
2290 1822
2291 1822
2292 1823
2293 1824
2294 1825
2295 1826
2296 1827
2297 1828
2298 1829
2299 1830
2300 1831
2301 1831
2302 1832
2303 1832
2304 1833
2305 1833
2306 1834
2307 1834
2308 1835
2309 1836
2310 1836
2311 1837
2312 1838
2313 1839
2314 1840
2315 1841
2316 1842
2317 1843
2318 1844
2319 1845
2320 1846
2321 1847
2322 1848
2323 1849
2324 1850
2325 1850
2326 1851
2327 1851
2328 1852
2329 1853
2330 1854
2331 1855
2332 1855
2333 1856
2334 1856
2335 1857
2336 1857
2337 1858
2338 1858
2339 1859
2340 1860
2341 1861
2342 1862
2343 1863
2344 1864
2345 1865
2346 1866
2347 1867
2348 1868
2349 1869
2350 1870
2351 1871
2352 1871
2353 1871
2354 1872
2355 1873
2356 1874
2357 1874
2358 1875
2359 1876
2360 1877
2361 1877
2362 1878
2363 1879
2364 1880
2365 1881
2366 1882
2367 1883
2368 1884
2369 1885
2370 1885
2371 1886
2372 1887
2373 1888
2374 1889
2375 1890
2376 1891
2377 1891
2378 1892
2379 1893
2380 1894
2381 1894
2382 1895
2383 1896
2384 1897
2385 1897
2386 1898
2387 1899
2388 1900
2389 1900
2390 1901
2391 1901
2392 1902
2393 1902
2394 1903
2395 1903
2396 1904
2397 1905
2398 1906
2399 1906
2400 1907
2401 1908
2402 1908
2403 1909
2404 1910
2405 1910
2406 1911
2407 1912
2408 1912
2409 1912
2410 1913
2411 1914
2412 1914
2413 1915
2414 1916
2415 1917
2416 1918
2417 1918
2418 1919
2419 1920
2420 1920
2421 1920
2422 1921
2423 1922
2424 1923
2425 1924
2426 1925
2427 1925
2428 1926
2429 1927
2430 1928
2431 1929
2432 1930
2433 1931
2434 1931
2435 1931
2436 1932
2437 1932
2438 1933
2439 1934
2440 1935
2441 1935
2442 1936
2443 1937
2444 1938
2445 1939
2446 1940
2447 1941
2448 1942
2449 1943
2450 1944
2451 1945
2452 1946
2453 1947
2454 1948
2455 1948
2456 1949
2457 1950
2458 1951
2459 1952
2460 1953
2461 1954
2462 1955
2463 1956
2464 1957
2465 1958
2466 1959
2467 1960
2468 1961
2469 1962
2470 1963
2471 1964
2472 1965
2473 1966
2474 1967
2475 1968
2476 1969
2477 1970
2478 1971
2479 1972
2480 1972
2481 1973
2482 1974
2483 1975
2484 1976
2485 1977
2486 1977
2487 1978
2488 1979
2489 1980
2490 1980
2491 1981
2492 1981
2493 1981
2494 1982
2495 1983
2496 1983
2497 1984
2498 1985
2499 1986
2500 1987
2501 1988
2502 1989
2503 1990
2504 1991
2505 1992
2506 1993
2507 1994
2508 1994
2509 1995
2510 1996
2511 1997
2512 1998
2513 1999
2514 2000
2515 2001
2516 2001
2517 2001
2518 2002
2519 2003
2520 2004
2521 2005
2522 2006
2523 2007
2524 2008
2525 2009
2526 2009
2527 2009
2528 2010
2529 2011
2530 2012
2531 2012
2532 2013
2533 2014
2534 2015
2535 2016
2536 2017
2537 2018
2538 2018
2539 2019
2540 2020
2541 2021
2542 2022
2543 2022
2544 2022
2545 2023
2546 2024
2547 2025
2548 2026
2549 2027
2550 2028
2551 2029
2552 2030
2553 2030
2554 2031
2555 2032
2556 2033
2557 2034
2558 2034
2559 2035
2560 2035
2561 2035
2562 2036
2563 2037
2564 2038
2565 2039
2566 2040
2567 2041
2568 2042
2569 2043
2570 2044
2571 2045
2572 2046
2573 2047
2574 2048
2575 2049
2576 2050
2577 2050
2578 2050
2579 2051
2580 2052
2581 2053
2582 2054
2583 2055
2584 2056
2585 2057
2586 2058
2587 2058
2588 2059
2589 2060
2590 2061
2591 2061
2592 2061
2593 2062
2594 2063
2595 2064
2596 2065
2597 2065
2598 2066
2599 2067
2600 2068
2601 2069
2602 2069
2603 2070
2604 2071
2605 2072
2606 2072
2607 2073
2608 2074
2609 2075
2610 2076
2611 2077
2612 2077
2613 2077
2614 2078
2615 2079
2616 2080
2617 2081
2618 2082
2619 2082
2620 2083
2621 2083
2622 2084
2623 2085
2624 2086
2625 2087
2626 2088
2627 2089
2628 2090
2629 2091
2630 2092
2631 2093
2632 2094
2633 2095
2634 2095
2635 2096
2636 2097
2637 2098
2638 2098
2639 2099
2640 2100
2641 2101
2642 2101
2643 2102
2644 2103
2645 2104
2646 2105
2647 2106
2648 2106
2649 2107
2650 2108
2651 2109
2652 2109
2653 2110
2654 2110
2655 2111
2656 2112
2657 2113
2658 2113
2659 2114
2660 2115
2661 2116
2662 2117
2663 2117
2664 2118
2665 2119
2666 2120
2667 2121
2668 2121
2669 2122
2670 2123
2671 2124
2672 2124
2673 2125
2674 2126
2675 2126
2676 2127
2677 2128
2678 2128
2679 2128
2680 2129
2681 2130
2682 2131
2683 2132
2684 2133
2685 2133
2686 2134
2687 2134
2688 2135
2689 2136
2690 2137
2691 2138
2692 2138
2693 2139
2694 2140
2695 2141
2696 2142
2697 2142
2698 2142
2699 2142
2700 2142
2701 2143
2702 2144
2703 2145
2704 2146
2705 2147
2706 2147
2707 2148
2708 2149
2709 2150
2710 2151
2711 2152
2712 2153
2713 2153
2714 2153
2715 2154
2716 2154
2717 2155
2718 2156
2719 2157
2720 2158
2721 2159
2722 2160
2723 2161
2724 2161
2725 2161
2726 2162
2727 2162
2728 2163
2729 2164
2730 2165
2731 2166
2732 2166
2733 2166
2734 2167
2735 2167
2736 2168
2737 2169
2738 2170
2739 2171
2740 2171
2741 2172
2742 2173
2743 2174
2744 2175
2745 2176
2746 2177
2747 2178
2748 2179
2749 2180
2750 2180
2751 2181
2752 2182
2753 2183
2754 2183
2755 2183
2756 2183
2757 2184
2758 2185
2759 2186
2760 2186
2761 2187
2762 2187
2763 2188
2764 2189
2765 2190
2766 2191
2767 2192
2768 2193
2769 2194
2770 2195
2771 2196
2772 2197
2773 2198
2774 2199
2775 2200
2776 2201
2777 2201
2778 2202
2779 2203
2780 2204
2781 2204
2782 2205
2783 2206
2784 2207
2785 2208
2786 2209
2787 2210
2788 2210
2789 2210
2790 2211
2791 2212
2792 2213
2793 2214
2794 2215
2795 2216
2796 2216
2797 2217
2798 2218
2799 2219
2800 2219
2801 2220
2802 2221
2803 2221
2804 2222
2805 2223
2806 2224
2807 2225
2808 2226
2809 2226
2810 2226
2811 2227
2812 2228
2813 2229
2814 2230
2815 2231
2816 2231
2817 2232
2818 2233
2819 2234
2820 2235
2821 2236
2822 2237
2823 2237
2824 2237
2825 2238
2826 2239
2827 2240
2828 2241
2829 2241
2830 2242
2831 2243
2832 2244
2833 2245
2834 2246
2835 2247
2836 2248
2837 2248
2838 2249
2839 2250
2840 2250
2841 2251
2842 2252
2843 2253
2844 2254
2845 2254
2846 2254
2847 2255
2848 2255
2849 2256
2850 2257
2851 2258
2852 2259
2853 2260
2854 2260
2855 2261
2856 2262
2857 2263
2858 2264
2859 2265
2860 2266
2861 2267
2862 2268
2863 2269
2864 2270
2865 2271
2866 2272
2867 2273
2868 2274
2869 2275
2870 2276
2871 2277
2872 2278
2873 2279
2874 2280
2875 2281
2876 2282
2877 2283
2878 2284
2879 2285
2880 2285
2881 2286
2882 2287
2883 2288
2884 2289
2885 2289
2886 2289
2887 2290
2888 2291
2889 2292
2890 2293
2891 2294
2892 2295
2893 2296
2894 2297
2895 2298
2896 2299
2897 2299
2898 2300
2899 2301
2900 2302
2901 2302
2902 2303
2903 2303
2904 2304
2905 2305
2906 2306
2907 2307
2908 2307
2909 2308
2910 2308
2911 2309
2912 2310
2913 2311
2914 2312
2915 2312
2916 2313
2917 2314
2918 2314
2919 2315
2920 2316
2921 2317
2922 2318
2923 2319
2924 2320
2925 2321
2926 2322
2927 2323
2928 2324
2929 2325
2930 2326
2931 2327
2932 2328
2933 2329
2934 2330
2935 2331
2936 2332
2937 2333
2938 2334
2939 2335
2940 2336
2941 2337
2942 2338
2943 2339
2944 2340
2945 2340
2946 2341
2947 2341
2948 2342
2949 2342
2950 2343
2951 2344
2952 2344
2953 2345
2954 2346
2955 2347
2956 2348
2957 2349
2958 2350
2959 2351
2960 2351
2961 2351
2962 2352
2963 2353
2964 2354
2965 2354
2966 2355
2967 2355
2968 2356
2969 2357
2970 2357
2971 2358
2972 2359
2973 2360
2974 2360
2975 2361
2976 2362
2977 2363
2978 2364
2979 2364
2980 2365
2981 2366
2982 2367
2983 2367
2984 2367
2985 2368
2986 2368
2987 2369
2988 2370
2989 2370
2990 2371
2991 2372
2992 2372
2993 2373
2994 2374
2995 2375
2996 2375
2997 2376
2998 2376
2999 2377
3000 2378
3001 2379
3002 2380
3003 2380
3004 2381
3005 2382
3006 2383
3007 2384
3008 2385
3009 2386
3010 2387
3011 2387
3012 2388
3013 2389
3014 2389
3015 2389
3016 2390
3017 2391
3018 2392
3019 2393
3020 2394
3021 2395
3022 2396
3023 2397
3024 2398
3025 2398
3026 2399
3027 2400
3028 2401
3029 2402
3030 2403
3031 2403
3032 2404
3033 2405
3034 2406
3035 2407
3036 2407
3037 2408
3038 2409
3039 2410
3040 2411
3041 2412
3042 2412
3043 2413
3044 2414
3045 2415
3046 2415
3047 2415
3048 2416
3049 2416
3050 2417
3051 2418
3052 2419
3053 2420
3054 2420
3055 2421
3056 2422
3057 2423
3058 2424
3059 2424
3060 2425
3061 2426
3062 2426
3063 2427
3064 2428
3065 2429
3066 2430
3067 2431
3068 2431
3069 2432
3070 2433
3071 2434
3072 2435
3073 2436
3074 2437
3075 2438
3076 2439
3077 2440
3078 2441
3079 2442
3080 2443
3081 2444
3082 2444
3083 2444
3084 2445
3085 2446
3086 2447
3087 2448
3088 2449
3089 2449
3090 2450
3091 2451
3092 2452
3093 2452
3094 2453
3095 2454
3096 2455
3097 2455
3098 2456
3099 2457
3100 2458
3101 2459
3102 2460
3103 2461
3104 2462
3105 2463
3106 2464
3107 2465
3108 2466
3109 2466
3110 2467
3111 2467
3112 2467
3113 2468
3114 2469
3115 2470
3116 2470
3117 2471
3118 2472
3119 2473
3120 2473
3121 2473
3122 2473
3123 2473
3124 2474
3125 2475
3126 2476
3127 2476
3128 2477
3129 2478
3130 2479
3131 2480
3132 2480
3133 2481
3134 2482
3135 2483
3136 2484
3137 2485
3138 2485
3139 2485
3140 2486
3141 2487
3142 2487
3143 2488
3144 2489
3145 2490
3146 2491
3147 2492
3148 2492
3149 2493
3150 2494
3151 2495
3152 2496
3153 2496
3154 2497
3155 2498
3156 2499
3157 2499
3158 2500
3159 2501
3160 2501
3161 2502
3162 2502
3163 2503
3164 2504
3165 2505
3166 2506
3167 2507
3168 2508
3169 2509
3170 2509
3171 2510
3172 2510
3173 2511
3174 2512
3175 2513
3176 2514
3177 2515
3178 2515
3179 2516
3180 2517
3181 2518
3182 2519
3183 2519
3184 2520
3185 2521
3186 2522
3187 2522
3188 2522
3189 2523
3190 2524
3191 2524
3192 2525
3193 2526
3194 2526
3195 2526
3196 2527
3197 2528
3198 2529
3199 2530
3200 2531
3201 2531
3202 2532
3203 2533
3204 2534
3205 2535
3206 2536
3207 2536
3208 2537
3209 2538
3210 2539
3211 2539
3212 2539
3213 2540
3214 2541
3215 2542
3216 2543
3217 2543
3218 2543
3219 2544
3220 2544
3221 2545
3222 2546
3223 2547
3224 2547
3225 2548
3226 2549
3227 2550
3228 2551
3229 2552
3230 2553
3231 2553
3232 2554
3233 2554
3234 2555
3235 2556
3236 2557
3237 2558
3238 2559
3239 2560
3240 2561
3241 2561
3242 2562
3243 2563
3244 2564
3245 2565
3246 2566
3247 2567
3248 2568
3249 2569
3250 2570
3251 2571
3252 2572
3253 2573
3254 2574
3255 2575
3256 2576
3257 2577
3258 2578
3259 2579
3260 2580
3261 2581
3262 2581
3263 2582
3264 2583
3265 2584
3266 2585
3267 2586
3268 2587
3269 2588
3270 2589
3271 2590
3272 2591
3273 2592
3274 2593
3275 2594
3276 2594
3277 2594
3278 2595
3279 2596
3280 2597
3281 2597
3282 2598
3283 2599
3284 2600
3285 2601
3286 2602
3287 2602
3288 2603
3289 2603
3290 2604
3291 2605
3292 2606
3293 2606
3294 2607
3295 2608
3296 2609
3297 2610
3298 2610
3299 2610
3300 2611
3301 2612
3302 2613
3303 2614
3304 2615
3305 2616
3306 2617
3307 2617
3308 2617
3309 2618
3310 2619
3311 2620
3312 2621
3313 2621
3314 2622
3315 2623
3316 2624
3317 2625
3318 2626
3319 2626
3320 2627
3321 2628
3322 2629
3323 2630
3324 2631
3325 2632
3326 2633
3327 2634
3328 2635
3329 2635
3330 2636
3331 2637
3332 2638
3333 2639
3334 2640
3335 2641
3336 2642
3337 2643
3338 2643
3339 2643
3340 2644
3341 2645
3342 2646
3343 2647
3344 2648
3345 2649
3346 2650
3347 2650
3348 2650
3349 2650
3350 2651
3351 2652
3352 2653
3353 2654
3354 2654
3355 2655
3356 2655
3357 2656
3358 2657
3359 2658
3360 2659
3361 2660
3362 2661
3363 2662
3364 2663
3365 2664
3366 2664
3367 2665
3368 2666
3369 2667
3370 2668
3371 2669
3372 2670
3373 2671
3374 2672
3375 2673
3376 2674
3377 2675
3378 2675
3379 2676
3380 2677
3381 2678
3382 2679
3383 2680
3384 2681
3385 2681
3386 2681
3387 2682
3388 2683
3389 2684
3390 2685
3391 2686
3392 2687
3393 2688
3394 2689
3395 2690
3396 2691
3397 2691
3398 2692
3399 2693
3400 2694
3401 2694
3402 2695
3403 2696
3404 2696
3405 2697
3406 2698
3407 2698
3408 2699
3409 2700
3410 2701
3411 2702
3412 2702
3413 2702
3414 2703
3415 2704
3416 2704
3417 2705
3418 2706
3419 2707
3420 2708
3421 2709
3422 2710
3423 2711
3424 2712
3425 2713
3426 2714
3427 2715
3428 2716
3429 2717
3430 2717
3431 2718
3432 2718
3433 2718
3434 2719
3435 2719
3436 2720
3437 2721
3438 2722
3439 2723
3440 2724
3441 2725
3442 2726
3443 2727
3444 2728
3445 2729
3446 2730
3447 2731
3448 2732
3449 2733
3450 2734
3451 2734
3452 2735
3453 2735
3454 2736
3455 2737
3456 2738
3457 2739
3458 2740
3459 2741
3460 2742
3461 2743
3462 2743
3463 2744
3464 2745
3465 2746
3466 2746
3467 2747
3468 2748
3469 2749
3470 2750
3471 2751
3472 2752
3473 2753
3474 2754
3475 2755
3476 2756
3477 2757
3478 2758
3479 2759
3480 2760
3481 2761
3482 2762
3483 2762
3484 2763
3485 2764
3486 2765
3487 2766
3488 2766
3489 2767
3490 2767
3491 2767
3492 2768
3493 2769
3494 2770
3495 2770
3496 2771
3497 2772
3498 2773
3499 2774
3500 2775
3501 2776
3502 2777
3503 2778
3504 2779
3505 2780
3506 2780
3507 2781
3508 2782
3509 2782
3510 2783
3511 2784
3512 2785
3513 2786
3514 2787
3515 2787
3516 2788
3517 2789
3518 2790
3519 2791
3520 2791
3521 2792
3522 2793
3523 2794
3524 2794
3525 2795
3526 2796
3527 2797
3528 2798
3529 2799
3530 2800
3531 2800
3532 2801
3533 2802
3534 2803
3535 2803
3536 2804
3537 2804
3538 2805
3539 2805
3540 2805
3541 2805
3542 2806
3543 2807
3544 2808
3545 2809
3546 2809
3547 2810
3548 2811
3549 2812
3550 2812
3551 2813
3552 2814
3553 2814
3554 2814
3555 2815
3556 2815
3557 2816
3558 2816
3559 2816
3560 2817
3561 2818
3562 2819
3563 2820
3564 2820
3565 2820
3566 2821
3567 2821
3568 2821
3569 2822
3570 2823
3571 2824
3572 2825
3573 2826
3574 2826
3575 2826
3576 2827
3577 2828
3578 2829
3579 2830
3580 2831
3581 2832
3582 2833
3583 2834
3584 2835
3585 2836
3586 2836
3587 2837
3588 2837
3589 2838
3590 2839
3591 2840
3592 2840
3593 2841
3594 2842
3595 2843
3596 2843
3597 2844
3598 2844
3599 2845
3600 2846
3601 2847
3602 2848
3603 2849
3604 2850
3605 2851
3606 2852
3607 2852
3608 2853
3609 2854
3610 2855
3611 2856
3612 2857
3613 2858
3614 2859
3615 2859
3616 2860
3617 2861
3618 2861
3619 2862
3620 2862
3621 2863
3622 2864
3623 2865
3624 2866
3625 2866
3626 2867
3627 2868
3628 2869
3629 2870
3630 2871
3631 2872
3632 2873
3633 2874
3634 2875
3635 2875
3636 2876
3637 2876
3638 2877
3639 2878
3640 2878
3641 2879
3642 2880
3643 2881
3644 2882
3645 2883
3646 2884
3647 2885
3648 2885
3649 2885
3650 2886
3651 2887
3652 2888
3653 2889
3654 2890
3655 2890
3656 2891
3657 2891
3658 2892
3659 2893
3660 2894
3661 2895
3662 2896
3663 2897
3664 2898
3665 2898
3666 2899
3667 2900
3668 2901
3669 2902
3670 2903
3671 2904
3672 2905
3673 2906
3674 2907
3675 2907
3676 2908
3677 2909
3678 2910
3679 2911
3680 2911
3681 2912
3682 2913
3683 2914
3684 2915
3685 2915
3686 2916
3687 2917
3688 2918
3689 2919
3690 2920
3691 2921
3692 2922
3693 2922
3694 2923
3695 2923
3696 2924
3697 2925
3698 2926
3699 2927
3700 2928
3701 2929
3702 2930
3703 2931
3704 2932
3705 2932
3706 2933
3707 2934
3708 2935
3709 2936
3710 2937
3711 2938
3712 2938
3713 2939
3714 2940
3715 2941
3716 2942
3717 2942
3718 2943
3719 2944
3720 2945
3721 2946
3722 2947
3723 2948
3724 2949
3725 2950
3726 2951
3727 2952
3728 2953
3729 2954
3730 2955
3731 2956
3732 2956
3733 2957
3734 2958
3735 2959
3736 2960
3737 2961
3738 2962
3739 2963
3740 2963
3741 2964
3742 2965
3743 2966
3744 2967
3745 2968
3746 2969
3747 2970
3748 2971
3749 2972
3750 2973
3751 2974
3752 2975
3753 2976
3754 2977
3755 2977
3756 2978
3757 2979
3758 2980
3759 2980
3760 2981
3761 2981
3762 2981
3763 2982
3764 2983
3765 2984
3766 2985
3767 2986
3768 2986
3769 2986
3770 2987
3771 2988
3772 2989
3773 2990
3774 2991
3775 2992
3776 2993
3777 2994
3778 2995
3779 2996
3780 2997
3781 2998
3782 2999
3783 3000
3784 3000
3785 3001
3786 3002
3787 3002
3788 3003
3789 3004
3790 3005
3791 3006
3792 3007
3793 3008
3794 3009
3795 3010
3796 3011
3797 3011
3798 3012
3799 3012
3800 3013
3801 3014
3802 3015
3803 3015
3804 3015
3805 3016
3806 3017
3807 3018
3808 3019
3809 3020
3810 3021
3811 3022
3812 3023
3813 3023
3814 3024
3815 3025
3816 3026
3817 3027
3818 3028
3819 3029
3820 3030
3821 3031
3822 3031
3823 3032
3824 3033
3825 3034
3826 3035
3827 3036
3828 3037
3829 3038
3830 3039
3831 3040
3832 3040
3833 3041
3834 3042
3835 3043
3836 3044
3837 3044
3838 3045
3839 3046
3840 3046
3841 3047
3842 3048
3843 3049
3844 3049
3845 3049
3846 3049
3847 3049
3848 3050
3849 3051
3850 3052
3851 3053
3852 3054
3853 3055
3854 3056
3855 3056
3856 3057
3857 3058
3858 3059
3859 3059
3860 3060
3861 3061
3862 3062
3863 3063
3864 3064
3865 3065
3866 3066
3867 3067
3868 3068
3869 3069
3870 3070
3871 3071
3872 3071
3873 3072
3874 3073
3875 3074
3876 3074
3877 3075
3878 3076
3879 3077
3880 3078
3881 3079
3882 3080
3883 3081
3884 3082
3885 3083
3886 3084
3887 3085
3888 3086
3889 3087
3890 3088
3891 3089
3892 3090
3893 3091
3894 3092
3895 3093
3896 3094
3897 3095
3898 3096
3899 3097
3900 3098
3901 3098
3902 3099
3903 3100
3904 3101
3905 3102
3906 3103
3907 3104
3908 3105
3909 3105
3910 3106
3911 3107
3912 3108
3913 3109
3914 3110
3915 3111
3916 3112
3917 3113
3918 3113
3919 3114
3920 3114
3921 3115
3922 3115
3923 3116
3924 3117
3925 3117
3926 3118
3927 3119
3928 3120
3929 3121
3930 3122
3931 3123
3932 3124
3933 3125
3934 3126
3935 3127
3936 3127
3937 3127
3938 3128
3939 3128
3940 3129
3941 3129
3942 3130
3943 3130
3944 3131
3945 3132
3946 3133
3947 3134
3948 3135
3949 3136
3950 3137
3951 3138
3952 3139
3953 3140
3954 3141
3955 3142
3956 3143
3957 3144
3958 3145
3959 3146
3960 3147
3961 3148
3962 3149
3963 3150
3964 3150
3965 3151
3966 3152
3967 3153
3968 3153
3969 3154
3970 3155
3971 3156
3972 3156
3973 3157
3974 3158
3975 3159
3976 3160
3977 3161
3978 3162
3979 3162
3980 3163
3981 3163
3982 3164
3983 3164
3984 3164
3985 3165
3986 3165
3987 3165
3988 3166
3989 3167
3990 3168
3991 3168
3992 3168
3993 3169
3994 3170
3995 3170
3996 3170
3997 3171
3998 3172
3999 3173
4000 3174
4001 3175
4002 3176
4003 3177
4004 3178
4005 3179
4006 3180
4007 3181
4008 3182
4009 3183
4010 3184
4011 3185
4012 3185
4013 3186
4014 3187
4015 3188
4016 3189
4017 3190
4018 3190
4019 3190
4020 3191
4021 3192
4022 3193
4023 3194
4024 3194
4025 3195
4026 3196
4027 3196
4028 3197
4029 3198
4030 3198
4031 3199
4032 3200
4033 3201
4034 3202
4035 3203
4036 3204
4037 3204
4038 3204
4039 3205
4040 3206
4041 3207
4042 3207
4043 3208
4044 3208
4045 3209
4046 3210
4047 3211
4048 3212
4049 3213
4050 3213
4051 3214
4052 3215
4053 3216
4054 3217
4055 3218
4056 3219
4057 3220
4058 3221
4059 3222
4060 3223
4061 3224
4062 3225
4063 3226
4064 3226
4065 3226
4066 3227
4067 3228
4068 3228
4069 3228
4070 3228
4071 3229
4072 3230
4073 3231
4074 3232
4075 3233
4076 3234
4077 3235
4078 3236
4079 3237
4080 3237
4081 3237
4082 3237
4083 3238
4084 3239
4085 3240
4086 3241
4087 3242
4088 3243
4089 3243
4090 3243
4091 3243
4092 3244
4093 3245
4094 3246
4095 3247
4096 3248
4097 3249
4098 3249
4099 3249
4100 3250
4101 3251
4102 3252
4103 3252
4104 3253
4105 3254
4106 3255
4107 3256
4108 3256
4109 3256
4110 3257
4111 3258
4112 3258
4113 3258
4114 3259
4115 3260
4116 3261
4117 3261
4118 3261
4119 3262
4120 3263
4121 3264
4122 3265
4123 3265
4124 3265
4125 3266
4126 3266
4127 3267
4128 3268
4129 3269
4130 3270
4131 3271
4132 3272
4133 3273
4134 3273
4135 3273
4136 3274
4137 3275
4138 3275
4139 3276
4140 3277
4141 3278
4142 3278
4143 3279
4144 3279
4145 3280
4146 3280
4147 3281
4148 3282
4149 3283
4150 3284
4151 3285
4152 3286
4153 3287
4154 3287
4155 3288
4156 3289
4157 3289
4158 3290
4159 3291
4160 3292
4161 3293
4162 3293
4163 3293
4164 3294
4165 3295
4166 3296
4167 3297
4168 3298
4169 3299
4170 3299
4171 3300
4172 3301
4173 3302
4174 3303
4175 3304
4176 3305
4177 3305
4178 3305
4179 3306
4180 3307
4181 3307
4182 3308
4183 3309
4184 3310
4185 3310
4186 3311
4187 3311
4188 3312
4189 3312
4190 3313
4191 3314
4192 3315
4193 3316
4194 3317
4195 3318
4196 3319
4197 3320
4198 3320
4199 3320
4200 3321
4201 3321
4202 3322
4203 3323
4204 3324
4205 3324
4206 3325
4207 3325
4208 3325
4209 3326
4210 3327
4211 3328
4212 3329
4213 3330
4214 3331
4215 3331
4216 3332
4217 3333
4218 3334
4219 3335
4220 3336
4221 3336
4222 3337
4223 3338
4224 3339
4225 3340
4226 3341
4227 3342
4228 3343
4229 3344
4230 3345
4231 3346
4232 3347
4233 3347
4234 3348
4235 3348
4236 3349
4237 3350
4238 3351
4239 3352
4240 3353
4241 3353
4242 3354
4243 3355
4244 3356
4245 3357
4246 3358
4247 3359
4248 3359
4249 3360
4250 3361
4251 3362
4252 3363
4253 3364
4254 3365
4255 3366
4256 3367
4257 3368
4258 3368
4259 3368
4260 3369
4261 3370
4262 3371
4263 3372
4264 3373
4265 3374
4266 3375
4267 3376
4268 3376
4269 3376
4270 3377
4271 3378
4272 3379
4273 3380
4274 3381
4275 3381
4276 3382
4277 3383
4278 3383
4279 3384
4280 3385
4281 3386
4282 3387
4283 3388
4284 3389
4285 3390
4286 3390
4287 3391
4288 3391
4289 3392
4290 3393
4291 3394
4292 3394
4293 3394
4294 3395
4295 3396
4296 3397
4297 3398
4298 3399
4299 3400
4300 3401
4301 3401
4302 3402
4303 3403
4304 3404
4305 3405
4306 3406
4307 3407
4308 3408
4309 3409
4310 3410
4311 3410
4312 3411
4313 3412
4314 3413
4315 3414
4316 3415
4317 3416
4318 3417
4319 3418
4320 3419
4321 3420
4322 3421
4323 3421
4324 3422
4325 3423
4326 3424
4327 3425
4328 3426
4329 3426
4330 3427
4331 3428
4332 3429
4333 3429
4334 3430
4335 3431
4336 3431
4337 3432
4338 3433
4339 3434
4340 3434
4341 3435
4342 3436
4343 3437
4344 3438
4345 3439
4346 3440
4347 3440
4348 3441
4349 3442
4350 3443
4351 3444
4352 3445
4353 3446
4354 3447
4355 3447
4356 3448
4357 3449
4358 3450
4359 3451
4360 3452
4361 3453
4362 3454
4363 3454
4364 3455
4365 3456
4366 3457
4367 3458
4368 3459
4369 3460
4370 3461
4371 3461
4372 3462
4373 3463
4374 3464
4375 3464
4376 3464
4377 3465
4378 3466
4379 3467
4380 3468
4381 3469
4382 3470
4383 3471
4384 3472
4385 3473
4386 3474
4387 3475
4388 3475
4389 3476
4390 3477
4391 3477
4392 3478
4393 3479
4394 3480
4395 3481
4396 3482
4397 3483
4398 3484
4399 3484
4400 3485
4401 3486
4402 3487
4403 3488
4404 3489
4405 3490
4406 3491
4407 3492
4408 3493
4409 3494
4410 3495
4411 3496
4412 3497
4413 3498
4414 3498
4415 3499
4416 3500
4417 3501
4418 3502
4419 3503
4420 3503
4421 3504
4422 3505
4423 3505
4424 3506
4425 3507
4426 3507
4427 3508
4428 3509
4429 3509
4430 3510
4431 3511
4432 3512
4433 3512
4434 3513
4435 3514
4436 3514
4437 3515
4438 3516
4439 3516
4440 3517
4441 3518
4442 3518
4443 3518
4444 3519
4445 3520
4446 3520
4447 3521
4448 3522
4449 3523
4450 3523
4451 3524
4452 3524
4453 3525
4454 3526
4455 3527
4456 3528
4457 3529
4458 3530
4459 3531
4460 3532
4461 3533
4462 3534
4463 3535
4464 3536
4465 3537
4466 3538
4467 3539
4468 3540
4469 3540
4470 3541
4471 3542
4472 3543
4473 3543
4474 3544
4475 3545
4476 3546
4477 3546
4478 3547
4479 3548
4480 3549
4481 3549
4482 3549
4483 3550
4484 3550
4485 3551
4486 3552
4487 3553
4488 3554
4489 3555
4490 3556
4491 3556
4492 3557
4493 3558
4494 3559
4495 3560
4496 3561
4497 3562
4498 3563
4499 3564
4500 3565
4501 3566
4502 3567
4503 3568
4504 3569
4505 3570
4506 3571
4507 3571
4508 3572
4509 3573
4510 3574
4511 3575
4512 3576
4513 3577
4514 3578
4515 3579
4516 3580
4517 3581
4518 3582
4519 3583
4520 3584
4521 3585
4522 3585
4523 3586
4524 3587
4525 3588
4526 3588
4527 3589
4528 3590
4529 3591
4530 3592
4531 3593
4532 3594
4533 3595
4534 3596
4535 3597
4536 3597
4537 3597
4538 3598
4539 3599
4540 3600
4541 3600
4542 3601
4543 3602
4544 3602
4545 3603
4546 3604
4547 3605
4548 3605
4549 3606
4550 3606
4551 3607
4552 3608
4553 3609
4554 3610
4555 3611
4556 3612
4557 3613
4558 3614
4559 3615
4560 3616
4561 3617
4562 3618
4563 3619
4564 3620
4565 3621
4566 3622
4567 3623
4568 3624
4569 3625
4570 3626
4571 3626
4572 3626
4573 3627
4574 3627
4575 3628
4576 3629
4577 3630
4578 3631
4579 3632
4580 3633
4581 3634
4582 3635
4583 3635
4584 3636
4585 3636
4586 3637
4587 3638
4588 3639
4589 3640
4590 3640
4591 3641
4592 3642
4593 3643
4594 3644
4595 3644
4596 3645
4597 3646
4598 3646
4599 3646
4600 3646
4601 3647
4602 3647
4603 3648
4604 3649
4605 3650
4606 3651
4607 3652
4608 3653
4609 3654
4610 3655
4611 3656
4612 3657
4613 3657
4614 3658
4615 3659
4616 3660
4617 3661
4618 3662
4619 3663
4620 3664
4621 3665
4622 3666
4623 3667
4624 3668
4625 3669
4626 3670
4627 3671
4628 3672
4629 3673
4630 3674
4631 3675
4632 3676
4633 3677
4634 3678
4635 3679
4636 3679
4637 3680
4638 3681
4639 3681
4640 3682
4641 3682
4642 3683
4643 3683
4644 3684
4645 3685
4646 3686
4647 3687
4648 3687
4649 3687
4650 3688
4651 3689
4652 3690
4653 3691
4654 3691
4655 3691
4656 3692
4657 3693
4658 3694
4659 3695
4660 3696
4661 3697
4662 3697
4663 3698
4664 3699
4665 3699
4666 3700
4667 3701
4668 3702
4669 3702
4670 3703
4671 3704
4672 3704
4673 3705
4674 3706
4675 3707
4676 3708
4677 3709
4678 3710
4679 3711
4680 3712
4681 3713
4682 3713
4683 3713
4684 3714
4685 3715
4686 3715
4687 3716
4688 3717
4689 3717
4690 3717
4691 3718
4692 3719
4693 3720
4694 3721
4695 3722
4696 3722
4697 3723
4698 3724
4699 3725
4700 3726
4701 3727
4702 3728
4703 3729
4704 3729
4705 3730
4706 3731
4707 3732
4708 3733
4709 3734
4710 3735
4711 3736
4712 3737
4713 3738
4714 3739
4715 3740
4716 3741
4717 3742
4718 3743
4719 3743
4720 3743
4721 3744
4722 3744
4723 3744
4724 3745
4725 3745
4726 3746
4727 3747
4728 3748
4729 3749
4730 3750
4731 3751
4732 3752
4733 3753
4734 3754
4735 3755
4736 3755
4737 3756
4738 3757
4739 3757
4740 3757
4741 3758
4742 3759
4743 3760
4744 3761
4745 3762
4746 3763
4747 3764
4748 3765
4749 3766
4750 3767
4751 3768
4752 3768
4753 3769
4754 3769
4755 3770
4756 3770
4757 3770
4758 3771
4759 3771
4760 3772
4761 3773
4762 3774
4763 3775
4764 3776
4765 3777
4766 3778
4767 3779
4768 3779
4769 3779
4770 3780
4771 3781
4772 3781
4773 3782
4774 3782
4775 3783
4776 3784
4777 3784
4778 3785
4779 3786
4780 3787
4781 3788
4782 3789
4783 3789
4784 3789
4785 3790
4786 3791
4787 3791
4788 3792
4789 3792
4790 3793
4791 3794
4792 3794
4793 3795
4794 3796
4795 3797
4796 3798
4797 3799
4798 3799
4799 3800
4800 3801
4801 3802
4802 3803
4803 3804
4804 3805
4805 3805
4806 3806
4807 3807
4808 3808
4809 3809
4810 3810
4811 3811
4812 3812
4813 3813
4814 3814
4815 3814
4816 3815
4817 3815
4818 3816
4819 3817
4820 3817
4821 3818
4822 3819
4823 3820
4824 3821
4825 3821
4826 3822
4827 3823
4828 3824
4829 3825
4830 3826
4831 3827
4832 3828
4833 3829
4834 3830
4835 3830
4836 3831
4837 3832
4838 3833
4839 3833
4840 3833
4841 3834
4842 3834
4843 3835
4844 3836
4845 3837
4846 3838
4847 3838
4848 3838
4849 3839
4850 3840
4851 3840
4852 3840
4853 3841
4854 3842
4855 3843
4856 3844
4857 3845
4858 3846
4859 3847
4860 3847
4861 3847
4862 3848
4863 3849
4864 3850
4865 3851
4866 3852
4867 3853
4868 3854
4869 3855
4870 3856
4871 3857
4872 3858
4873 3859
4874 3860
4875 3861
4876 3862
4877 3863
4878 3864
4879 3865
4880 3866
4881 3867
4882 3868
4883 3869
4884 3870
4885 3871
4886 3871
4887 3872
4888 3873
4889 3874
4890 3874
4891 3875
4892 3876
4893 3877
4894 3877
4895 3878
4896 3879
4897 3880
4898 3881
4899 3882
4900 3882
4901 3883
4902 3883
4903 3884
4904 3885
4905 3886
4906 3887
4907 3888
4908 3889
4909 3890
4910 3890
4911 3891
4912 3892
4913 3893
4914 3894
4915 3895
4916 3896
4917 3897
4918 3898
4919 3899
4920 3900
4921 3901
4922 3902
4923 3902
4924 3903
4925 3904
4926 3905
4927 3906
4928 3907
4929 3907
4930 3908
4931 3909
4932 3910
4933 3910
4934 3911
4935 3912
4936 3913
4937 3914
4938 3915
4939 3915
4940 3916
4941 3917
4942 3917
4943 3918
4944 3919
4945 3920
4946 3921
4947 3922
4948 3922
4949 3923
4950 3923
4951 3924
4952 3925
4953 3925
4954 3926
4955 3927
4956 3928
4957 3928
4958 3929
4959 3930
4960 3931
4961 3932
4962 3932
4963 3933
4964 3934
4965 3934
4966 3934
4967 3935
4968 3936
4969 3936
4970 3936
4971 3937
4972 3938
4973 3939
4974 3940
4975 3941
4976 3942
4977 3942
4978 3943
4979 3943
4980 3943
4981 3943
4982 3943
4983 3944
4984 3945
4985 3945
4986 3946
4987 3947
4988 3948
4989 3949
4990 3949
4991 3950
4992 3951
4993 3951
4994 3952
4995 3953
4996 3954
4997 3955
4998 3956
4999 3957
5000 3957
5001 3958
5002 3959
5003 3959
5004 3960
5005 3961
5006 3962
5007 3963
5008 3964
5009 3965
5010 3966
5011 3966
5012 3967
5013 3968
5014 3968
5015 3969
5016 3970
5017 3971
5018 3972
5019 3973
5020 3974
5021 3975
5022 3975
5023 3976
5024 3977
5025 3977
5026 3978
5027 3979
5028 3979
5029 3980
5030 3980
5031 3981
5032 3982
5033 3983
5034 3983
5035 3984
5036 3985
5037 3986
5038 3987
5039 3988
5040 3989
5041 3990
5042 3991
5043 3992
5044 3993
5045 3994
5046 3994
5047 3995
5048 3995
5049 3996
5050 3996
5051 3997
5052 3997
5053 3998
5054 3999
5055 3999
5056 4000
5057 4000
5058 4001
5059 4002
5060 4003
5061 4003
5062 4004
5063 4005
5064 4006
5065 4007
5066 4008
5067 4009
5068 4010
5069 4010
5070 4011
5071 4012
5072 4013
5073 4014
5074 4015
5075 4015
5076 4016
5077 4017
5078 4018
5079 4018
5080 4019
5081 4020
5082 4021
5083 4022
5084 4023
5085 4023
5086 4023
5087 4024
5088 4024
5089 4025
5090 4026
5091 4027
5092 4028
5093 4029
5094 4030
5095 4031
5096 4032
5097 4033
5098 4034
5099 4035
5100 4036
5101 4037
5102 4038
5103 4039
5104 4040
5105 4041
5106 4042
5107 4043
5108 4043
5109 4043
5110 4044
5111 4045
5112 4046
5113 4046
5114 4047
5115 4047
5116 4048
5117 4049
5118 4050
5119 4051
5120 4052
5121 4053
5122 4053
5123 4054
5124 4054
5125 4055
5126 4056
5127 4057
5128 4058
5129 4059
5130 4060
5131 4061
5132 4062
5133 4062
5134 4062
5135 4063
5136 4063
5137 4064
5138 4065
5139 4066
5140 4067
5141 4068
5142 4069
5143 4070
5144 4071
5145 4072
5146 4073
5147 4073
5148 4074
5149 4074
5150 4075
5151 4076
5152 4077
5153 4078
5154 4079
5155 4080
5156 4081
5157 4082
5158 4082
5159 4083
5160 4084
5161 4084
5162 4085
5163 4086
5164 4087
5165 4088
5166 4089
5167 4090
5168 4091
5169 4092
5170 4093
5171 4094
5172 4095
5173 4096
5174 4096
5175 4096
5176 4097
5177 4098
5178 4098
5179 4099
5180 4100
5181 4100
5182 4101
5183 4102
5184 4103
5185 4104
5186 4105
5187 4106
5188 4107
5189 4107
5190 4107
5191 4108
5192 4109
5193 4110
5194 4111
5195 4112
5196 4113
5197 4114
5198 4115
5199 4116
5200 4117
5201 4118
5202 4119
5203 4120
5204 4121
5205 4122
5206 4123
5207 4124
5208 4125
5209 4126
5210 4127
5211 4128
5212 4129
5213 4130
5214 4130
5215 4131
5216 4132
5217 4133
5218 4133
5219 4134
5220 4135
5221 4136
5222 4137
5223 4137
5224 4138
5225 4139
5226 4140
5227 4141
5228 4142
5229 4143
5230 4144
5231 4145
5232 4146
5233 4146
5234 4147
5235 4148
5236 4148
5237 4148
5238 4149
5239 4150
5240 4151
5241 4152
5242 4153
5243 4153
5244 4153
5245 4154
5246 4154
5247 4154
5248 4155
5249 4156
5250 4156
5251 4157
5252 4158
5253 4159
5254 4160
5255 4161
5256 4162
5257 4163
5258 4164
5259 4165
5260 4166
5261 4167
5262 4168
5263 4169
5264 4169
5265 4170
5266 4171
5267 4172
5268 4173
5269 4174
5270 4175
5271 4176
5272 4177
5273 4178
5274 4179
5275 4180
5276 4181
5277 4182
5278 4183
5279 4184
5280 4185
5281 4185
5282 4186
5283 4187
5284 4188
5285 4189
5286 4189
5287 4190
5288 4191
5289 4192
5290 4192
5291 4193
5292 4194
5293 4194
5294 4195
5295 4196
5296 4196
5297 4197
5298 4198
5299 4198
5300 4198
5301 4199
5302 4199
5303 4199
5304 4200
5305 4201
5306 4202
5307 4203
5308 4204
5309 4205
5310 4206
5311 4207
5312 4207
5313 4207
5314 4208
5315 4208
5316 4209
5317 4209
5318 4210
5319 4211
5320 4212
5321 4213
5322 4214
5323 4215
5324 4216
5325 4217
5326 4217
5327 4218
5328 4219
5329 4220
5330 4220
5331 4221
5332 4222
5333 4223
5334 4224
5335 4224
5336 4225
5337 4226
5338 4226
5339 4227
5340 4228
5341 4229
5342 4230
5343 4231
5344 4232
5345 4232
5346 4233
5347 4234
5348 4235
5349 4235
5350 4236
5351 4237
5352 4238
5353 4239
5354 4240
5355 4241
5356 4242
5357 4243
5358 4244
5359 4245
5360 4245
5361 4245
5362 4246
5363 4247
5364 4248
5365 4249
5366 4249
5367 4250
5368 4251
5369 4252
5370 4252
5371 4253
5372 4254
5373 4255
5374 4256
5375 4257
5376 4258
5377 4259
5378 4260
5379 4261
5380 4262
5381 4263
5382 4264
5383 4265
5384 4266
5385 4267
5386 4268
5387 4269
5388 4269
5389 4270
5390 4271
5391 4271
5392 4272
5393 4272
5394 4273
5395 4274
5396 4275
5397 4276
5398 4277
5399 4278
5400 4279
5401 4280
5402 4281
5403 4282
5404 4282
5405 4283
5406 4284
5407 4285
5408 4286
5409 4287
5410 4288
5411 4289
5412 4290
5413 4291
5414 4291
5415 4292
5416 4293
5417 4294
5418 4295
5419 4296
5420 4297
5421 4298
5422 4299
5423 4299
5424 4300
5425 4301
5426 4302
5427 4302
5428 4303
5429 4304
5430 4305
5431 4306
5432 4306
5433 4307
5434 4308
5435 4309
5436 4310
5437 4311
5438 4311
5439 4312
5440 4313
5441 4314
5442 4315
5443 4316
5444 4317
5445 4318
5446 4319
5447 4320
5448 4321
5449 4322
5450 4323
5451 4323
5452 4324
5453 4325
5454 4325
5455 4325
5456 4326
5457 4326
5458 4327
5459 4328
5460 4329
5461 4330
5462 4330
5463 4330
5464 4331
5465 4332
5466 4333
5467 4333
5468 4334
5469 4335
5470 4336
5471 4337
5472 4338
5473 4339
5474 4340
5475 4340
5476 4341
5477 4342
5478 4343
5479 4343
5480 4344
5481 4344
5482 4345
5483 4346
5484 4346
5485 4347
5486 4348
5487 4349
5488 4349
5489 4350
5490 4351
5491 4351
5492 4352
5493 4353
5494 4354
5495 4355
5496 4356
5497 4357
5498 4357
5499 4358
5500 4359
5501 4360
5502 4361
5503 4362
5504 4362
5505 4362
5506 4362
5507 4363
5508 4364
5509 4365
5510 4366
5511 4367
5512 4367
5513 4368
5514 4369
5515 4370
5516 4371
5517 4372
5518 4373
5519 4374
5520 4375
5521 4376
5522 4377
5523 4378
5524 4379
5525 4379
5526 4380
5527 4381
5528 4382
5529 4382
5530 4383
5531 4384
5532 4385
5533 4386
5534 4386
5535 4386
5536 4387
5537 4388
5538 4389
5539 4389
5540 4389
5541 4390
5542 4390
5543 4391
5544 4392
5545 4393
5546 4393
5547 4394
5548 4395
5549 4395
5550 4396
5551 4397
5552 4398
5553 4399
5554 4399
5555 4400
5556 4401
5557 4402
5558 4403
5559 4403
5560 4404
5561 4405
5562 4405
5563 4406
5564 4407
5565 4408
5566 4408
5567 4408
5568 4408
5569 4409
5570 4409
5571 4410
5572 4411
5573 4412
5574 4413
5575 4414
5576 4414
5577 4414
5578 4415
5579 4416
5580 4417
5581 4418
5582 4419
5583 4420
5584 4421
5585 4421
5586 4422
5587 4423
5588 4423
5589 4423
5590 4424
5591 4425
5592 4426
5593 4427
5594 4428
5595 4429
5596 4430
5597 4431
5598 4432
5599 4433
5600 4434
5601 4435
5602 4436
5603 4437
5604 4438
5605 4438
5606 4439
5607 4439
5608 4440
5609 4441
5610 4442
5611 4443
5612 4444
5613 4445
5614 4446
5615 4447
5616 4448
5617 4449
5618 4450
5619 4450
5620 4451
5621 4452
5622 4453
5623 4454
5624 4455
5625 4456
5626 4457
5627 4458
5628 4459
5629 4460
5630 4461
5631 4462
5632 4463
5633 4464
5634 4465
5635 4465
5636 4466
5637 4467
5638 4468
5639 4468
5640 4469
5641 4470
5642 4470
5643 4471
5644 4472
5645 4472
5646 4473
5647 4474
5648 4475
5649 4476
5650 4477
5651 4478
5652 4479
5653 4480
5654 4480
5655 4481
5656 4482
5657 4482
5658 4483
5659 4484
5660 4485
5661 4486
5662 4486
5663 4487
5664 4488
5665 4489
5666 4490
5667 4491
5668 4492
5669 4493
5670 4493
5671 4494
5672 4495
5673 4496
5674 4497
5675 4498
5676 4499
5677 4500
5678 4501
5679 4501
5680 4501
5681 4501
5682 4502
5683 4502
5684 4503
5685 4504
5686 4505
5687 4505
5688 4506
5689 4507
5690 4508
5691 4508
5692 4509
5693 4510
5694 4511
5695 4512
5696 4513
5697 4514
5698 4515
5699 4515
5700 4516
5701 4516
5702 4517
5703 4518
5704 4519
5705 4519
5706 4520
5707 4521
5708 4522
5709 4523
5710 4524
5711 4525
5712 4526
5713 4526
5714 4527
5715 4528
5716 4529
5717 4530
5718 4530
5719 4531
5720 4532
5721 4533
5722 4534
5723 4535
5724 4535
5725 4536
5726 4537
5727 4538
5728 4539
5729 4540
5730 4541
5731 4542
5732 4543
5733 4544
5734 4544
5735 4545
5736 4546
5737 4546
5738 4547
5739 4548
5740 4549
5741 4550
5742 4551
5743 4552
5744 4553
5745 4553
5746 4553
5747 4554
5748 4555
5749 4556
5750 4556
5751 4557
5752 4558
5753 4559
5754 4559
5755 4560
5756 4560
5757 4561
5758 4562
5759 4563
5760 4564
5761 4565
5762 4566
5763 4567
5764 4567
5765 4567
5766 4568
5767 4569
5768 4570
5769 4571
5770 4572
5771 4572
5772 4573
5773 4574
5774 4575
5775 4576
5776 4577
5777 4578
5778 4578
5779 4579
5780 4580
5781 4581
5782 4582
5783 4583
5784 4584
5785 4585
5786 4585
5787 4586
5788 4587
5789 4588
5790 4589
5791 4589
5792 4590
5793 4591
5794 4592
5795 4593
5796 4594
5797 4595
5798 4596
5799 4597
5800 4597
5801 4598
5802 4599
5803 4600
5804 4601
5805 4601
5806 4602
5807 4603
5808 4603
5809 4604
5810 4604
5811 4605
5812 4605
5813 4606
5814 4607
5815 4608
5816 4609
5817 4610
5818 4611
5819 4611
5820 4612
5821 4613
5822 4614
5823 4615
5824 4615
5825 4616
5826 4617
5827 4618
5828 4619
5829 4620
5830 4621
5831 4622
5832 4623
5833 4623
5834 4623
5835 4624
5836 4625
5837 4626
5838 4626
5839 4627
5840 4628
5841 4629
5842 4630
5843 4631
5844 4632
5845 4633
5846 4634
5847 4634
5848 4634
5849 4634
5850 4635
5851 4636
5852 4637
5853 4638
5854 4639
5855 4640
5856 4641
5857 4642
5858 4643
5859 4644
5860 4644
5861 4645
5862 4645
5863 4646
5864 4647
5865 4647
5866 4648
5867 4649
5868 4650
5869 4651
5870 4651
5871 4652
5872 4653
5873 4654
5874 4654
5875 4655
5876 4656
5877 4657
5878 4658
5879 4659
5880 4660
5881 4661
5882 4661
5883 4662
5884 4663
5885 4664
5886 4665
5887 4665
5888 4666
5889 4667
5890 4668
5891 4669
5892 4669
5893 4669
5894 4670
5895 4671
5896 4672
5897 4673
5898 4674
5899 4675
5900 4675
5901 4676
5902 4676
5903 4677
5904 4677
5905 4678
5906 4678
5907 4679
5908 4680
5909 4681
5910 4681
5911 4681
5912 4682
5913 4683
5914 4683
5915 4684
5916 4685
5917 4685
5918 4686
5919 4686
5920 4687
5921 4688
5922 4689
5923 4689
5924 4690
5925 4690
5926 4691
5927 4692
5928 4692
5929 4693
5930 4694
5931 4695
5932 4695
5933 4695
5934 4695
5935 4696
5936 4697
5937 4697
5938 4698
5939 4699
5940 4700
5941 4701
5942 4702
5943 4702
5944 4703
5945 4704
5946 4705
5947 4705
5948 4706
5949 4707
5950 4707
5951 4707
5952 4707
5953 4708
5954 4708
5955 4709
5956 4709
5957 4710
5958 4710
5959 4711
5960 4712
5961 4712
5962 4713
5963 4713
5964 4714
5965 4715
5966 4716
5967 4717
5968 4718
5969 4719
5970 4720
5971 4721
5972 4722
5973 4723
5974 4724
5975 4725
5976 4726
5977 4727
5978 4727
5979 4728
5980 4729
5981 4729
5982 4730
5983 4731
5984 4732
5985 4733
5986 4734
5987 4735
5988 4736
5989 4737
5990 4738
5991 4739
5992 4740
5993 4741
5994 4742
5995 4743
5996 4744
5997 4745
5998 4746
5999 4747
6000 4748
6001 4749
6002 4750
6003 4751
6004 4752
6005 4753
6006 4753
6007 4753
6008 4753
6009 4754
6010 4755
6011 4756
6012 4757
6013 4758
6014 4759
6015 4760
6016 4761
6017 4762
6018 4763
6019 4764
6020 4765
6021 4766
6022 4767
6023 4767
6024 4768
6025 4769
6026 4770
6027 4770
6028 4771
6029 4772
6030 4772
6031 4773
6032 4774
6033 4775
6034 4776
6035 4777
6036 4778
6037 4779
6038 4780
6039 4780
6040 4781
6041 4782
6042 4782
6043 4783
6044 4784
6045 4784
6046 4785
6047 4786
6048 4787
6049 4788
6050 4789
6051 4790
6052 4791
6053 4792
6054 4793
6055 4794
6056 4794
6057 4794
6058 4794
6059 4795
6060 4796
6061 4796
6062 4797
6063 4797
6064 4798
6065 4799
6066 4800
6067 4801
6068 4802
6069 4803
6070 4804
6071 4805
6072 4806
6073 4807
6074 4808
6075 4809
6076 4810
6077 4811
6078 4812
6079 4813
6080 4813
6081 4814
6082 4815
6083 4816
6084 4817
6085 4817
6086 4818
6087 4819
6088 4819
6089 4820
6090 4821
6091 4822
6092 4823
6093 4824
6094 4825
6095 4826
6096 4827
6097 4827
6098 4828
6099 4829
6100 4830
6101 4831
6102 4832
6103 4833
6104 4834
6105 4835
6106 4836
6107 4837
6108 4838
6109 4839
6110 4839
6111 4839
6112 4840
6113 4841
6114 4841
6115 4842
6116 4842
6117 4842
6118 4842
6119 4843
6120 4844
6121 4845
6122 4846
6123 4847
6124 4848
6125 4848
6126 4849
6127 4850
6128 4851
6129 4851
6130 4852
6131 4853
6132 4854
6133 4855
6134 4856
6135 4857
6136 4858
6137 4859
6138 4860
6139 4861
6140 4862
6141 4863
6142 4864
6143 4865
6144 4866
6145 4867
6146 4868
6147 4868
6148 4869
6149 4870
6150 4871
6151 4872
6152 4872
6153 4873
6154 4873
6155 4874
6156 4875
6157 4876
6158 4876
6159 4877
6160 4878
6161 4879
6162 4880
6163 4881
6164 4882
6165 4883
6166 4883
6167 4884
6168 4885
6169 4886
6170 4887
6171 4887
6172 4888
6173 4889
6174 4890
6175 4891
6176 4892
6177 4893
6178 4893
6179 4894
6180 4895
6181 4896
6182 4896
6183 4897
6184 4898
6185 4899
6186 4900
6187 4901
6188 4901
6189 4902
6190 4903
6191 4904
6192 4905
6193 4905
6194 4906
6195 4907
6196 4908
6197 4909
6198 4910
6199 4910
6200 4911
6201 4912
6202 4913
6203 4914
6204 4915
6205 4915
6206 4916
6207 4917
6208 4918
6209 4919
6210 4919
6211 4920
6212 4921
6213 4922
6214 4923
6215 4924
6216 4924
6217 4925
6218 4925
6219 4926
6220 4927
6221 4928
6222 4928
6223 4929
6224 4930
6225 4930
6226 4931
6227 4931
6228 4932
6229 4933
6230 4933
6231 4934
6232 4935
6233 4936
6234 4937
6235 4938
6236 4938
6237 4938
6238 4939
6239 4940
6240 4940
6241 4941
6242 4941
6243 4942
6244 4943
6245 4944
6246 4945
6247 4946
6248 4947
6249 4948
6250 4949
6251 4950
6252 4951
6253 4952
6254 4953
6255 4954
6256 4954
6257 4955
6258 4955
6259 4956
6260 4957
6261 4958
6262 4959
6263 4960
6264 4961
6265 4962
6266 4963
6267 4964
6268 4965
6269 4965
6270 4965
6271 4965
6272 4966
6273 4967
6274 4967
6275 4968
6276 4969
6277 4970
6278 4971
6279 4972
6280 4973
6281 4974
6282 4975
6283 4976
6284 4977
6285 4977
6286 4978
6287 4979
6288 4980
6289 4981
6290 4982
6291 4983
6292 4984
6293 4985
6294 4986
6295 4987
6296 4988
6297 4989
6298 4990
6299 4991
6300 4992
6301 4993
6302 4994
6303 4995
6304 4996
6305 4997
6306 4998
6307 4998
6308 4999
6309 5000
6310 5001
6311 5001
6312 5002
6313 5003
6314 5004
6315 5005
6316 5006
6317 5007
6318 5008
6319 5009
6320 5010
6321 5011
6322 5012
6323 5013
6324 5013
6325 5014
6326 5015
6327 5016
6328 5016
6329 5017
6330 5017
6331 5018
6332 5019
6333 5020
6334 5021
6335 5022
6336 5023
6337 5023
6338 5024
6339 5025
6340 5026
6341 5027
6342 5028
6343 5029
6344 5029
6345 5030
6346 5030
6347 5031
6348 5032
6349 5032
6350 5033
6351 5034
6352 5035
6353 5036
6354 5037
6355 5038
6356 5039
6357 5039
6358 5040
6359 5041
6360 5042
6361 5042
6362 5043
6363 5044
6364 5045
6365 5046
6366 5047
6367 5048
6368 5049
6369 5049
6370 5050
6371 5051
6372 5052
6373 5053
6374 5054
6375 5055
6376 5056
6377 5056
6378 5057
6379 5058
6380 5059
6381 5060
6382 5061
6383 5061
6384 5062
6385 5062
6386 5063
6387 5064
6388 5065
6389 5066
6390 5066
6391 5067
6392 5068
6393 5069
6394 5070
6395 5071
6396 5072
6397 5073
6398 5074
6399 5075
6400 5076
6401 5077
6402 5077
6403 5078
6404 5078
6405 5079
6406 5080
6407 5080
6408 5081
6409 5082
6410 5083
6411 5084
6412 5084
6413 5085
6414 5086
6415 5087
6416 5088
6417 5089
6418 5090
6419 5090
6420 5091
6421 5092
6422 5092
6423 5092
6424 5092
6425 5093
6426 5094
6427 5095
6428 5095
6429 5095
6430 5096
6431 5097
6432 5098
6433 5098
6434 5099
6435 5100
6436 5100
6437 5101
6438 5102
6439 5103
6440 5104
6441 5105
6442 5106
6443 5107
6444 5108
6445 5109
6446 5110
6447 5111
6448 5112
6449 5112
6450 5113
6451 5114
6452 5115
6453 5116
6454 5116
6455 5117
6456 5118
6457 5118
6458 5119
6459 5120
6460 5120
6461 5121
6462 5122
6463 5123
6464 5124
6465 5125
6466 5126
6467 5127
6468 5127
6469 5127
6470 5128
6471 5129
6472 5130
6473 5131
6474 5131
6475 5131
6476 5132
6477 5133
6478 5134
6479 5135
6480 5135
6481 5136
6482 5137
6483 5138
6484 5139
6485 5140
6486 5141
6487 5141
6488 5142
6489 5142
6490 5143
6491 5144
6492 5144
6493 5144
6494 5144
6495 5145
6496 5146
6497 5147
6498 5147
6499 5148
6500 5149
6501 5150
6502 5150
6503 5151
6504 5152
6505 5153
6506 5154
6507 5155
6508 5156
6509 5157
6510 5158
6511 5158
6512 5159
6513 5159
6514 5160
6515 5161
6516 5161
6517 5161
6518 5162
6519 5163
6520 5163
6521 5164
6522 5164
6523 5165
6524 5166
6525 5167
6526 5167
6527 5168
6528 5169
6529 5170
6530 5170
6531 5170
6532 5171
6533 5172
6534 5173
6535 5174
6536 5175
6537 5176
6538 5176
6539 5177
6540 5178
6541 5179
6542 5180
6543 5181
6544 5182
6545 5183
6546 5184
6547 5185
6548 5186
6549 5187
6550 5188
6551 5189
6552 5190
6553 5191
6554 5191
6555 5192
6556 5193
6557 5194
6558 5195
6559 5195
6560 5196
6561 5197
6562 5198
6563 5199
6564 5200
6565 5200
6566 5201
6567 5202
6568 5203
6569 5204
6570 5204
6571 5205
6572 5206
6573 5207
6574 5208
6575 5209
6576 5209
6577 5210
6578 5211
6579 5212
6580 5213
6581 5214
6582 5215
6583 5216
6584 5217
6585 5218
6586 5219
6587 5220
6588 5221
6589 5222
6590 5223
6591 5224
6592 5225
6593 5225
6594 5226
6595 5227
6596 5227
6597 5228
6598 5229
6599 5230
6600 5231
6601 5231
6602 5232
6603 5233
6604 5234
6605 5235
6606 5236
6607 5237
6608 5237
6609 5238
6610 5239
6611 5240
6612 5241
6613 5242
6614 5243
6615 5243
6616 5244
6617 5245
6618 5245
6619 5245
6620 5245
6621 5246
6622 5246
6623 5247
6624 5248
6625 5248
6626 5249
6627 5249
6628 5250
6629 5250
6630 5251
6631 5252
6632 5253
6633 5253
6634 5253
6635 5254
6636 5254
6637 5255
6638 5256
6639 5256
6640 5257
6641 5258
6642 5259
6643 5260
6644 5261
6645 5261
6646 5261
6647 5261
6648 5262
6649 5263
6650 5263
6651 5264
6652 5265
6653 5266
6654 5267
6655 5267
6656 5268
6657 5268
6658 5269
6659 5270
6660 5271
6661 5272
6662 5273
6663 5274
6664 5274
6665 5275
6666 5276
6667 5277
6668 5278
6669 5279
6670 5279
6671 5280
6672 5281
6673 5282
6674 5283
6675 5283
6676 5283
6677 5284
6678 5284
6679 5285
6680 5286
6681 5287
6682 5288
6683 5288
6684 5289
6685 5290
6686 5291
6687 5292
6688 5293
6689 5294
6690 5294
6691 5295
6692 5296
6693 5296
6694 5297
6695 5297
6696 5298
6697 5299
6698 5300
6699 5300
6700 5301
6701 5301
6702 5302
6703 5303
6704 5304
6705 5305
6706 5305
6707 5306
6708 5307
6709 5308
6710 5309
6711 5310
6712 5310
6713 5310
6714 5311
6715 5312
6716 5313
6717 5313
6718 5314
6719 5314
6720 5315
6721 5316
6722 5317
6723 5318
6724 5319
6725 5320
6726 5321
6727 5322
6728 5323
6729 5324
6730 5325
6731 5325
6732 5326
6733 5327
6734 5328
6735 5329
6736 5330
6737 5331
6738 5332
6739 5332
6740 5333
6741 5334
6742 5335
6743 5336
6744 5337
6745 5338
6746 5338
6747 5339
6748 5340
6749 5341
6750 5342
6751 5342
6752 5343
6753 5344
6754 5344
6755 5344
6756 5345
6757 5346
6758 5347
6759 5348
6760 5349
6761 5350
6762 5351
6763 5351
6764 5352
6765 5353
6766 5354
6767 5355
6768 5356
6769 5357
6770 5358
6771 5359
6772 5360
6773 5361
6774 5362
6775 5363
6776 5364
6777 5364
6778 5365
6779 5366
6780 5367
6781 5367
6782 5368
6783 5369
6784 5370
6785 5371
6786 5372
6787 5373
6788 5374
6789 5375
6790 5376
6791 5377
6792 5378
6793 5379
6794 5380
6795 5381
6796 5382
6797 5383
6798 5384
6799 5385
6800 5385
6801 5386
6802 5387
6803 5387
6804 5388
6805 5389
6806 5389
6807 5390
6808 5390
6809 5391
6810 5392
6811 5393
6812 5393
6813 5394
6814 5395
6815 5395
6816 5396
6817 5397
6818 5398
6819 5399
6820 5399
6821 5400
6822 5401
6823 5402
6824 5403
6825 5404
6826 5404
6827 5405
6828 5406
6829 5407
6830 5408
6831 5409
6832 5410
6833 5411
6834 5412
6835 5413
6836 5414
6837 5415
6838 5416
6839 5417
6840 5418
6841 5419
6842 5419
6843 5420
6844 5420
6845 5420
6846 5421
6847 5421
6848 5421
6849 5422
6850 5423
6851 5424
6852 5425
6853 5426
6854 5427
6855 5428
6856 5428
6857 5429
6858 5430
6859 5430
6860 5431
6861 5431
6862 5432
6863 5433
6864 5433
6865 5433
6866 5434
6867 5435
6868 5436
6869 5437
6870 5438
6871 5439
6872 5440
6873 5441
6874 5441
6875 5441
6876 5442
6877 5442
6878 5443
6879 5444
6880 5444
6881 5445
6882 5445
6883 5446
6884 5447
6885 5448
6886 5449
6887 5450
6888 5451
6889 5452
6890 5453
6891 5454
6892 5455
6893 5456
6894 5457
6895 5458
6896 5459
6897 5460
6898 5461
6899 5462
6900 5463
6901 5464
6902 5465
6903 5466
6904 5466
6905 5467
6906 5468
6907 5469
6908 5470
6909 5471
6910 5471
6911 5471
6912 5472
6913 5472
6914 5473
6915 5474
6916 5474
6917 5475
6918 5476
6919 5477
6920 5477
6921 5478
6922 5479
6923 5480
6924 5481
6925 5482
6926 5483
6927 5484
6928 5484
6929 5484
6930 5485
6931 5486
6932 5487
6933 5488
6934 5489
6935 5490
6936 5491
6937 5491
6938 5492
6939 5493
6940 5493
6941 5493
6942 5493
6943 5494
6944 5494
6945 5495
6946 5496
6947 5496
6948 5497
6949 5498
6950 5499
6951 5500
6952 5501
6953 5502
6954 5502
6955 5503
6956 5504
6957 5505
6958 5506
6959 5507
6960 5508
6961 5509
6962 5510
6963 5511
6964 5512
6965 5512
6966 5513
6967 5514
6968 5514
6969 5515
6970 5516
6971 5516
6972 5516
6973 5517
6974 5517
6975 5518
6976 5519
6977 5520
6978 5520
6979 5521
6980 5521
6981 5522
6982 5523
6983 5524
6984 5525
6985 5526
6986 5527
6987 5528
6988 5529
6989 5530
6990 5531
6991 5532
6992 5533
6993 5534
6994 5535
6995 5536
6996 5537
6997 5538
6998 5539
6999 5540
7000 5540
7001 5540
7002 5541
7003 5541
7004 5542
7005 5543
7006 5544
7007 5545
7008 5545
7009 5546
7010 5547
7011 5548
7012 5548
7013 5548
7014 5549
7015 5549
7016 5550
7017 5550
7018 5551
7019 5552
7020 5553
7021 5554
7022 5555
7023 5556
7024 5557
7025 5558
7026 5559
7027 5559
7028 5560
7029 5560
7030 5561
7031 5562
7032 5562
7033 5563
7034 5564
7035 5564
7036 5564
7037 5565
7038 5566
7039 5567
7040 5567
7041 5568
7042 5569
7043 5569
7044 5569
7045 5570
7046 5571
7047 5571
7048 5572
7049 5572
7050 5573
7051 5574
7052 5575
7053 5575
7054 5576
7055 5577
7056 5578
7057 5579
7058 5580
7059 5581
7060 5582
7061 5582
7062 5583
7063 5584
7064 5585
7065 5586
7066 5587
7067 5588
7068 5589
7069 5590
7070 5591
7071 5592
7072 5593
7073 5594
7074 5595
7075 5596
7076 5596
7077 5597
7078 5598
7079 5599
7080 5600
7081 5601
7082 5602
7083 5603
7084 5604
7085 5605
7086 5606
7087 5607
7088 5608
7089 5608
7090 5609
7091 5610
7092 5611
7093 5611
7094 5612
7095 5612
7096 5613
7097 5614
7098 5615
7099 5615
7100 5616
7101 5617
7102 5618
7103 5618
7104 5619
7105 5619
7106 5620
7107 5621
7108 5622
7109 5623
7110 5623
7111 5624
7112 5625
7113 5626
7114 5626
7115 5627
7116 5628
7117 5629
7118 5630
7119 5630
7120 5631
7121 5632
7122 5633
7123 5634
7124 5635
7125 5636
7126 5637
7127 5638
7128 5639
7129 5639
7130 5640
7131 5641
7132 5641
7133 5642
7134 5643
7135 5644
7136 5644
7137 5644
7138 5645
7139 5646
7140 5647
7141 5648
7142 5648
7143 5649
7144 5650
7145 5651
7146 5651
7147 5652
7148 5653
7149 5653
7150 5654
7151 5655
7152 5656
7153 5657
7154 5658
7155 5659
7156 5660
7157 5660
7158 5661
7159 5662
7160 5663
7161 5663
7162 5664
7163 5665
7164 5666
7165 5667
7166 5667
7167 5668
7168 5669
7169 5670
7170 5670
7171 5671
7172 5671
7173 5672
7174 5673
7175 5673
7176 5674
7177 5674
7178 5675
7179 5676
7180 5676
7181 5677
7182 5678
7183 5679
7184 5679
7185 5680
7186 5681
7187 5682
7188 5683
7189 5684
7190 5685
7191 5686
7192 5687
7193 5687
7194 5688
7195 5689
7196 5690
7197 5691
7198 5692
7199 5693
7200 5694
7201 5695
7202 5696
7203 5697
7204 5698
7205 5698
7206 5699
7207 5700
7208 5701
7209 5702
7210 5703
7211 5704
7212 5704
7213 5705
7214 5706
7215 5707
7216 5708
7217 5708
7218 5709
7219 5710
7220 5711
7221 5712
7222 5713
7223 5714
7224 5715
7225 5716
7226 5716
7227 5717
7228 5718
7229 5718
7230 5719
7231 5719
7232 5720
7233 5721
7234 5722
7235 5723
7236 5724
7237 5725
7238 5726
7239 5727
7240 5728
7241 5729
7242 5730
7243 5731
7244 5732
7245 5733
7246 5733
7247 5734
7248 5735
7249 5736
7250 5736
7251 5737
7252 5737
7253 5738
7254 5738
7255 5739
7256 5740
7257 5741
7258 5742
7259 5743
7260 5744
7261 5745
7262 5746
7263 5747
7264 5747
7265 5747
7266 5748
7267 5749
7268 5750
7269 5751
7270 5752
7271 5753
7272 5754
7273 5755
7274 5756
7275 5756
7276 5757
7277 5758
7278 5758
7279 5759
7280 5760
7281 5760
7282 5761
7283 5762
7284 5763
7285 5764
7286 5764
7287 5765
7288 5766
7289 5767
7290 5767
7291 5768
7292 5769
7293 5770
7294 5771
7295 5772
7296 5773
7297 5774
7298 5775
7299 5775
7300 5776
7301 5777
7302 5777
7303 5778
7304 5778
7305 5779
7306 5780
7307 5781
7308 5782
7309 5783
7310 5783
7311 5784
7312 5784
7313 5784
7314 5785
7315 5786
7316 5786
7317 5786
7318 5787
7319 5788
7320 5789
7321 5790
7322 5790
7323 5791
7324 5792
7325 5793
7326 5793
7327 5794
7328 5795
7329 5796
7330 5797
7331 5798
7332 5799
7333 5799
7334 5800
7335 5800
7336 5801
7337 5802
7338 5802
7339 5803
7340 5804
7341 5804
7342 5805
7343 5806
7344 5807
7345 5808
7346 5809
7347 5810
7348 5811
7349 5812
7350 5813
7351 5813
7352 5814
7353 5815
7354 5816
7355 5816
7356 5816
7357 5816
7358 5817
7359 5818
7360 5818
7361 5819
7362 5820
7363 5820
7364 5821
7365 5822
7366 5822
7367 5823
7368 5824
7369 5825
7370 5826
7371 5827
7372 5828
7373 5829
7374 5830
7375 5831
7376 5831
7377 5832
7378 5833
7379 5834
7380 5835
7381 5836
7382 5837
7383 5837
7384 5838
7385 5839
7386 5840
7387 5841
7388 5842
7389 5843
7390 5844
7391 5845
7392 5846
7393 5846
7394 5847
7395 5847
7396 5848
7397 5849
7398 5850
7399 5851
7400 5852
7401 5853
7402 5854
7403 5855
7404 5856
7405 5857
7406 5857
7407 5857
7408 5857
7409 5858
7410 5859
7411 5859
7412 5860
7413 5860
7414 5861
7415 5861
7416 5861
7417 5862
7418 5863
7419 5864
7420 5864
7421 5864
7422 5864
7423 5865
7424 5865
7425 5866
7426 5867
7427 5868
7428 5869
7429 5870
7430 5871
7431 5871
7432 5872
7433 5872
7434 5873
7435 5873
7436 5874
7437 5875
7438 5876
7439 5876
7440 5877
7441 5878
7442 5879
7443 5879
7444 5880
7445 5881
7446 5882
7447 5883
7448 5884
7449 5885
7450 5886
7451 5887
7452 5888
7453 5889
7454 5890
7455 5890
7456 5890
7457 5891
7458 5892
7459 5893
7460 5894
7461 5894
7462 5894
7463 5895
7464 5896
7465 5897
7466 5898
7467 5898
7468 5899
7469 5899
7470 5900
7471 5901
7472 5901
7473 5902
7474 5902
7475 5903
7476 5904
7477 5905
7478 5905
7479 5906
7480 5907
7481 5907
7482 5908
7483 5909
7484 5910
7485 5911
7486 5912
7487 5913
7488 5914
7489 5915
7490 5916
7491 5917
7492 5918
7493 5918
7494 5919
7495 5920
7496 5921
7497 5922
7498 5923
7499 5923
7500 5924
7501 5925
7502 5926
7503 5926
7504 5927
7505 5928
7506 5929
7507 5930
7508 5931
7509 5931
7510 5932
7511 5933
7512 5934
7513 5935
7514 5935
7515 5935
7516 5936
7517 5937
7518 5938
7519 5938
7520 5938
7521 5939
7522 5940
7523 5940
7524 5941
7525 5941
7526 5941
7527 5942
7528 5942
7529 5943
7530 5944
7531 5945
7532 5945
7533 5946
7534 5947
7535 5948
7536 5949
7537 5949
7538 5949
7539 5950
7540 5950
7541 5951
7542 5952
7543 5952
7544 5952
7545 5953
7546 5954
7547 5955
7548 5956
7549 5956
7550 5957
7551 5957
7552 5958
7553 5959
7554 5960
7555 5961
7556 5962
7557 5963
7558 5964
7559 5965
7560 5966
7561 5966
7562 5967
7563 5968
7564 5969
7565 5970
7566 5971
7567 5972
7568 5973
7569 5974
7570 5975
7571 5976
7572 5976
7573 5977
7574 5977
7575 5977
7576 5978
7577 5979
7578 5980
7579 5981
7580 5981
7581 5981
7582 5982
7583 5983
7584 5983
7585 5984
7586 5985
7587 5986
7588 5986
7589 5987
7590 5988
7591 5989
7592 5989
7593 5990
7594 5990
7595 5991
7596 5992
7597 5993
7598 5994
7599 5995
7600 5996
7601 5997
7602 5998
7603 5999
7604 6000
7605 6001
7606 6002
7607 6003
7608 6003
7609 6004
7610 6005
7611 6006
7612 6007
7613 6007
7614 6008
7615 6009
7616 6010
7617 6011
7618 6012
7619 6012
7620 6013
7621 6014
7622 6015
7623 6016
7624 6016
7625 6016
7626 6017
7627 6018
7628 6019
7629 6020
7630 6020
7631 6021
7632 6021
7633 6022
7634 6022
7635 6022
7636 6023
7637 6024
7638 6025
7639 6026
7640 6026
7641 6027
7642 6027
7643 6028
7644 6029
7645 6030
7646 6031
7647 6032
7648 6032
7649 6033
7650 6034
7651 6035
7652 6036
7653 6037
7654 6038
7655 6039
7656 6040
7657 6041
7658 6042
7659 6042
7660 6042
7661 6043
7662 6043
7663 6043
7664 6044
7665 6044
7666 6045
7667 6046
7668 6046
7669 6047
7670 6048
7671 6049
7672 6050
7673 6051
7674 6052
7675 6053
7676 6053
7677 6054
7678 6055
7679 6055
7680 6055
7681 6056
7682 6057
7683 6058
7684 6059
7685 6060
7686 6061
7687 6062
7688 6063
7689 6064
7690 6064
7691 6065
7692 6066
7693 6067
7694 6067
7695 6068
7696 6069
7697 6070
7698 6071
7699 6072
7700 6073
7701 6074
7702 6075
7703 6076
7704 6077
7705 6077
7706 6078
7707 6079
7708 6079
7709 6079
7710 6080
7711 6081
7712 6082
7713 6083
7714 6084
7715 6085
7716 6086
7717 6087
7718 6088
7719 6089
7720 6090
7721 6091
7722 6091
7723 6091
7724 6092
7725 6093
7726 6094
7727 6095
7728 6096
7729 6097
7730 6098
7731 6099
7732 6100
7733 6101
7734 6101
7735 6102
7736 6103
7737 6104
7738 6104
7739 6105
7740 6106
7741 6107
7742 6108
7743 6108
7744 6109
7745 6110
7746 6110
7747 6111
7748 6112
7749 6113
7750 6113
7751 6114
7752 6115
7753 6116
7754 6117
7755 6118
7756 6118
7757 6119
7758 6120
7759 6121
7760 6122
7761 6122
7762 6123
7763 6124
7764 6124
7765 6125
7766 6125
7767 6125
7768 6126
7769 6127
7770 6128
7771 6129
7772 6130
7773 6130
7774 6131
7775 6132
7776 6133
7777 6134
7778 6135
7779 6135
7780 6136
7781 6137
7782 6137
7783 6138
7784 6139
7785 6139
7786 6140
7787 6141
7788 6142
7789 6142
7790 6143
7791 6144
7792 6145
7793 6145
7794 6146
7795 6147
7796 6147
7797 6148
7798 6148
7799 6149
7800 6150
7801 6150
7802 6151
7803 6151
7804 6152
7805 6153
7806 6154
7807 6155
7808 6156
7809 6156
7810 6156
7811 6157
7812 6158
7813 6159
7814 6160
7815 6160
7816 6161
7817 6161
7818 6162
7819 6163
7820 6163
7821 6164
7822 6165
7823 6166
7824 6167
7825 6168
7826 6168
7827 6169
7828 6169
7829 6170
7830 6171
7831 6171
7832 6172
7833 6173
7834 6174
7835 6175
7836 6176
7837 6177
7838 6178
7839 6178
7840 6179
7841 6179
7842 6180
7843 6180
7844 6181
7845 6182
7846 6182
7847 6183
7848 6183
7849 6184
7850 6185
7851 6186
7852 6187
7853 6188
7854 6189
7855 6190
7856 6190
7857 6191
7858 6192
7859 6193
7860 6194
7861 6195
7862 6195
7863 6195
7864 6196
7865 6197
7866 6198
7867 6198
7868 6199
7869 6200
7870 6200
7871 6201
7872 6202
7873 6203
7874 6204
7875 6204
7876 6205
7877 6205
7878 6206
7879 6207
7880 6208
7881 6209
7882 6209
7883 6209
7884 6210
7885 6211
7886 6212
7887 6213
7888 6214
7889 6215
7890 6215
7891 6215
7892 6216
7893 6217
7894 6218
7895 6219
7896 6220
7897 6221
7898 6222
7899 6223
7900 6224
7901 6225
7902 6226
7903 6227
7904 6228
7905 6229
7906 6229
7907 6230
7908 6231
7909 6232
7910 6233
7911 6234
7912 6234
7913 6235
7914 6235
7915 6236
7916 6236
7917 6236
7918 6237
7919 6238
7920 6239
7921 6240
7922 6241
7923 6242
7924 6243
7925 6243
7926 6244
7927 6245
7928 6246
7929 6246
7930 6247
7931 6247
7932 6248
7933 6249
7934 6250
7935 6251
7936 6252
7937 6253
7938 6254
7939 6255
7940 6255
7941 6256
7942 6257
7943 6258
7944 6259
7945 6260
7946 6261
7947 6262
7948 6263
7949 6264
7950 6264
7951 6265
7952 6266
7953 6267
7954 6268
7955 6269
7956 6270
7957 6271
7958 6271
7959 6272
7960 6273
7961 6274
7962 6275
7963 6276
7964 6277
7965 6278
7966 6279
7967 6280
7968 6281
7969 6282
7970 6283
7971 6283
7972 6284
7973 6285
7974 6285
7975 6286
7976 6287
7977 6288
7978 6288
7979 6289
7980 6289
7981 6290
7982 6291
7983 6291
7984 6291
7985 6292
7986 6293
7987 6293
7988 6294
7989 6294
7990 6295
7991 6296
7992 6297
7993 6298
7994 6299
7995 6300
7996 6301
7997 6301
7998 6302
7999 6302
8000 6303
8001 6303
8002 6304
8003 6305
8004 6306
8005 6307
8006 6308
8007 6309
8008 6309
8009 6310
8010 6311
8011 6312
8012 6313
8013 6313
8014 6314
8015 6315
8016 6316
8017 6317
8018 6318
8019 6318
8020 6319
8021 6320
8022 6321
8023 6321
8024 6322
8025 6323
8026 6324
8027 6325
8028 6326
8029 6326
8030 6327
8031 6328
8032 6328
8033 6329
8034 6330
8035 6331
8036 6332
8037 6332
8038 6332
8039 6333
8040 6334
8041 6335
8042 6336
8043 6337
8044 6338
8045 6339
8046 6339
8047 6340
8048 6341
8049 6342
8050 6343
8051 6344
8052 6344
8053 6345
8054 6346
8055 6347
8056 6348
8057 6349
8058 6350
8059 6351
8060 6352
8061 6353
8062 6353
8063 6353
8064 6354
8065 6354
8066 6355
8067 6356
8068 6357
8069 6358
8070 6359
8071 6360
8072 6361
8073 6362
8074 6362
8075 6363
8076 6364
8077 6364
8078 6365
8079 6366
8080 6366
8081 6367
8082 6367
8083 6368
8084 6369
8085 6370
8086 6371
8087 6372
8088 6372
8089 6372
8090 6372
8091 6372
8092 6372
8093 6373
8094 6374
8095 6375
8096 6376
8097 6377
8098 6378
8099 6379
8100 6380
8101 6381
8102 6382
8103 6382
8104 6383
8105 6384
8106 6385
8107 6386
8108 6387
8109 6388
8110 6388
8111 6388
8112 6389
8113 6389
8114 6389
8115 6389
8116 6390
8117 6391
8118 6392
8119 6393
8120 6393
8121 6394
8122 6395
8123 6395
8124 6396
8125 6396
8126 6396
8127 6397
8128 6397
8129 6398
8130 6399
8131 6400
8132 6400
8133 6401
8134 6402
8135 6402
8136 6403
8137 6404
8138 6405
8139 6406
8140 6407
8141 6408
8142 6409
8143 6409
8144 6410
8145 6411
8146 6412
8147 6413
8148 6414
8149 6415
8150 6416
8151 6417
8152 6418
8153 6419
8154 6420
8155 6421
8156 6421
8157 6422
8158 6422
8159 6423
8160 6424
8161 6424
8162 6424
8163 6425
8164 6426
8165 6427
8166 6428
8167 6428
8168 6428
8169 6429
8170 6430
8171 6431
8172 6432
8173 6432
8174 6433
8175 6434
8176 6435
8177 6436
8178 6436
8179 6437
8180 6437
8181 6438
8182 6439
8183 6440
8184 6441
8185 6442
8186 6443
8187 6444
8188 6444
8189 6445
8190 6446
8191 6446
8192 6446
8193 6447
8194 6448
8195 6449
8196 6450
8197 6451
8198 6452
8199 6452
8200 6453
8201 6454
8202 6455
8203 6455
8204 6455
8205 6456
8206 6457
8207 6458
8208 6459
8209 6460
8210 6461
8211 6462
8212 6462
8213 6462
8214 6462
8215 6463
8216 6464
8217 6465
8218 6465
8219 6466
8220 6467
8221 6468
8222 6469
8223 6470
8224 6470
8225 6470
8226 6471
8227 6472
8228 6473
8229 6474
8230 6475
8231 6476
8232 6476
8233 6477
8234 6478
8235 6479
8236 6480
8237 6481
8238 6481
8239 6482
8240 6483
8241 6484
8242 6484
8243 6485
8244 6486
8245 6487
8246 6488
8247 6489
8248 6490
8249 6491
8250 6492
8251 6493
8252 6494
8253 6495
8254 6496
8255 6496
8256 6496
8257 6497
8258 6497
8259 6498
8260 6499
8261 6500
8262 6501
8263 6502
8264 6502
8265 6503
8266 6503
8267 6504
8268 6504
8269 6505
8270 6506
8271 6506
8272 6506
8273 6506
8274 6507
8275 6507
8276 6508
8277 6509
8278 6510
8279 6511
8280 6511
8281 6512
8282 6513
8283 6514
8284 6515
8285 6516
8286 6517
8287 6517
8288 6518
8289 6519
8290 6520
8291 6521
8292 6522
8293 6522
8294 6523
8295 6523
8296 6524
8297 6525
8298 6526
8299 6526
8300 6527
8301 6528
8302 6529
8303 6530
8304 6531
8305 6531
8306 6532
8307 6533
8308 6534
8309 6535
8310 6536
8311 6537
8312 6538
8313 6539
8314 6540
8315 6541
8316 6542
8317 6543
8318 6544
8319 6545
8320 6546
8321 6547
8322 6548
8323 6548
8324 6548
8325 6549
8326 6550
8327 6551
8328 6552
8329 6553
8330 6554
8331 6555
8332 6556
8333 6556
8334 6557
8335 6557
8336 6558
8337 6559
8338 6560
8339 6561
8340 6562
8341 6563
8342 6564
8343 6564
8344 6565
8345 6565
8346 6566
8347 6567
8348 6568
8349 6568
8350 6569
8351 6570
8352 6571
8353 6572
8354 6573
8355 6574
8356 6575
8357 6575
8358 6576
8359 6577
8360 6578
8361 6579
8362 6580
8363 6581
8364 6582
8365 6582
8366 6582
8367 6583
8368 6584
8369 6585
8370 6585
8371 6585
8372 6586
8373 6587
8374 6587
8375 6588
8376 6588
8377 6589
8378 6590
8379 6591
8380 6592
8381 6593
8382 6594
8383 6594
8384 6595
8385 6596
8386 6597
8387 6597
8388 6597
8389 6598
8390 6599
8391 6599
8392 6600
8393 6601
8394 6602
8395 6602
8396 6602
8397 6602
8398 6603
8399 6604
8400 6605
8401 6606
8402 6606
8403 6606
8404 6607
8405 6608
8406 6609
8407 6609
8408 6609
8409 6609
8410 6610
8411 6610
8412 6611
8413 6612
8414 6613
8415 6614
8416 6615
8417 6616
8418 6617
8419 6618
8420 6619
8421 6619
8422 6620
8423 6620
8424 6621
8425 6622
8426 6623
8427 6623
8428 6624
8429 6625
8430 6626
8431 6627
8432 6628
8433 6629
8434 6629
8435 6630
8436 6631
8437 6632
8438 6633
8439 6634
8440 6635
8441 6635
8442 6635
8443 6636
8444 6637
8445 6638
8446 6639
8447 6640
8448 6640
8449 6641
8450 6641
8451 6642
8452 6643
8453 6643
8454 6644
8455 6644
8456 6645
8457 6646
8458 6647
8459 6648
8460 6648
8461 6648
8462 6649
8463 6650
8464 6651
8465 6652
8466 6652
8467 6653
8468 6653
8469 6654
8470 6654
8471 6655
8472 6655
8473 6656
8474 6657
8475 6658
8476 6658
8477 6658
8478 6658
8479 6658
8480 6659
8481 6660
8482 6660
8483 6661
8484 6662
8485 6663
8486 6664
8487 6665
8488 6665
8489 6665
8490 6665
8491 6666
8492 6666
8493 6667
8494 6667
8495 6667
8496 6668
8497 6668
8498 6669
8499 6670
8500 6671
8501 6672
8502 6672
8503 6673
8504 6674
8505 6675
8506 6676
8507 6677
8508 6678
8509 6679
8510 6680
8511 6681
8512 6682
8513 6683
8514 6684
8515 6685
8516 6686
8517 6687
8518 6688
8519 6689
8520 6690
8521 6691
8522 6692
8523 6693
8524 6693
8525 6694
8526 6695
8527 6696
8528 6697
8529 6698
8530 6699
8531 6700
8532 6701
8533 6701
8534 6702
8535 6703
8536 6704
8537 6705
8538 6706
8539 6707
8540 6708
8541 6708
8542 6709
8543 6710
8544 6711
8545 6711
8546 6712
8547 6713
8548 6714
8549 6715
8550 6715
8551 6716
8552 6717
8553 6718
8554 6719
8555 6719
8556 6719
8557 6720
8558 6720
8559 6721
8560 6722
8561 6723
8562 6724
8563 6724
8564 6725
8565 6725
8566 6726
8567 6727
8568 6728
8569 6729
8570 6730
8571 6731
8572 6732
8573 6733
8574 6734
8575 6735
8576 6736
8577 6737
8578 6738
8579 6738
8580 6738
8581 6739
8582 6740
8583 6741
8584 6742
8585 6743
8586 6744
8587 6745
8588 6746
8589 6747
8590 6747
8591 6747
8592 6747
8593 6747
8594 6747
8595 6747
8596 6747
8597 6747
8598 6748
8599 6748
8600 6748
8601 6749
8602 6750
8603 6751
8604 6751
8605 6752
8606 6753
8607 6753
8608 6754
8609 6755
8610 6756
8611 6757
8612 6758
8613 6759
8614 6760
8615 6761
8616 6761
8617 6762
8618 6763
8619 6764
8620 6765
8621 6766
8622 6766
8623 6767
8624 6768
8625 6769
8626 6769
8627 6770
8628 6771
8629 6772
8630 6773
8631 6774
8632 6775
8633 6776
8634 6777
8635 6778
8636 6779
8637 6779
8638 6780
8639 6780
8640 6781
8641 6782
8642 6782
8643 6783
8644 6784
8645 6784
8646 6785
8647 6786
8648 6787
8649 6788
8650 6789
8651 6790
8652 6791
8653 6792
8654 6793
8655 6794
8656 6795
8657 6796
8658 6796
8659 6797
8660 6798
8661 6799
8662 6800
8663 6801
8664 6801
8665 6802
8666 6803
8667 6803
8668 6804
8669 6805
8670 6806
8671 6807
8672 6808
8673 6809
8674 6810
8675 6810
8676 6811
8677 6812
8678 6813
8679 6814
8680 6815
8681 6816
8682 6817
8683 6818
8684 6818
8685 6819
8686 6820
8687 6821
8688 6822
8689 6823
8690 6824
8691 6825
8692 6826
8693 6827
8694 6828
8695 6828
8696 6829
8697 6830
8698 6831
8699 6832
8700 6833
8701 6834
8702 6835
8703 6836
8704 6837
8705 6838
8706 6839
8707 6840
8708 6841
8709 6842
8710 6843
8711 6844
8712 6845
8713 6846
8714 6847
8715 6848
8716 6849
8717 6850
8718 6851
8719 6851
8720 6852
8721 6853
8722 6854
8723 6855
8724 6856
8725 6856
8726 6857
8727 6858
8728 6858
8729 6858
8730 6859
8731 6860
8732 6860
8733 6860
8734 6861
8735 6862
8736 6863
8737 6863
8738 6864
8739 6865
8740 6865
8741 6866
8742 6867
8743 6868
8744 6869
8745 6870
8746 6870
8747 6871
8748 6872
8749 6873
8750 6874
8751 6875
8752 6876
8753 6877
8754 6878
8755 6879
8756 6879
8757 6880
8758 6880
8759 6881
8760 6882
8761 6883
8762 6884
8763 6884
8764 6884
8765 6885
8766 6885
8767 6886
8768 6887
8769 6888
8770 6889
8771 6889
8772 6890
8773 6891
8774 6892
8775 6892
8776 6893
8777 6894
8778 6895
8779 6895
8780 6896
8781 6896
8782 6897
8783 6898
8784 6899
8785 6900
8786 6901
8787 6902
8788 6902
8789 6903
8790 6904
8791 6905
8792 6906
8793 6907
8794 6908
8795 6908
8796 6909
8797 6910
8798 6911
8799 6912
8800 6913
8801 6914
8802 6915
8803 6916
8804 6917
8805 6917
8806 6918
8807 6919
8808 6920
8809 6921
8810 6921
8811 6922
8812 6923
8813 6924
8814 6925
8815 6926
8816 6926
8817 6927
8818 6928
8819 6929
8820 6930
8821 6931
8822 6932
8823 6932
8824 6933
8825 6934
8826 6935
8827 6935
8828 6936
8829 6937
8830 6938
8831 6939
8832 6940
8833 6941
8834 6942
8835 6943
8836 6943
8837 6943
8838 6944
8839 6945
8840 6946
8841 6947
8842 6948
8843 6949
8844 6950
8845 6950
8846 6951
8847 6951
8848 6952
8849 6953
8850 6953
8851 6953
8852 6954
8853 6955
8854 6956
8855 6957
8856 6958
8857 6958
8858 6958
8859 6958
8860 6959
8861 6960
8862 6961
8863 6962
8864 6962
8865 6963
8866 6964
8867 6965
8868 6966
8869 6967
8870 6967
8871 6968
8872 6969
8873 6969
8874 6970
8875 6971
8876 6972
8877 6973
8878 6974
8879 6975
8880 6976
8881 6977
8882 6977
8883 6978
8884 6979
8885 6979
8886 6980
8887 6981
8888 6981
8889 6981
8890 6982
8891 6982
8892 6982
8893 6983
8894 6984
8895 6984
8896 6984
8897 6984
8898 6985
8899 6986
8900 6986
8901 6987
8902 6988
8903 6989
8904 6990
8905 6991
8906 6992
8907 6993
8908 6993
8909 6994
8910 6995
8911 6995
8912 6996
8913 6997
8914 6998
8915 6998
8916 6999
8917 7000
8918 7001
8919 7002
8920 7003
8921 7004
8922 7004
8923 7005
8924 7006
8925 7006
8926 7007
8927 7008
8928 7009
8929 7010
8930 7011
8931 7012
8932 7013
8933 7014
8934 7015
8935 7016
8936 7017
8937 7017
8938 7018
8939 7019
8940 7019
8941 7020
8942 7020
8943 7021
8944 7022
8945 7023
8946 7024
8947 7025
8948 7026
8949 7027
8950 7028
8951 7029
8952 7029
8953 7030
8954 7031
8955 7032
8956 7032
8957 7033
8958 7033
8959 7034
8960 7034
8961 7035
8962 7036
8963 7037
8964 7038
8965 7039
8966 7040
8967 7041
8968 7042
8969 7043
8970 7043
8971 7043
8972 7044
8973 7044
8974 7044
8975 7044
8976 7045
8977 7046
8978 7047
8979 7048
8980 7049
8981 7050
8982 7051
8983 7052
8984 7052
8985 7052
8986 7053
8987 7053
8988 7054
8989 7055
8990 7056
8991 7056
8992 7057
8993 7058
8994 7058
8995 7059
8996 7060
8997 7060
8998 7061
8999 7062
9000 7063
9001 7064
9002 7065
9003 7066
9004 7067
9005 7068
9006 7069
9007 7070
9008 7071
9009 7072
9010 7073
9011 7074
9012 7075
9013 7076
9014 7077
9015 7078
9016 7079
9017 7080
9018 7081
9019 7082
9020 7083
9021 7083
9022 7084
9023 7085
9024 7086
9025 7087
9026 7088
9027 7088
9028 7089
9029 7090
9030 7091
9031 7092
9032 7093
9033 7094
9034 7095
9035 7096
9036 7097
9037 7098
9038 7099
9039 7099
9040 7100
9041 7100
9042 7101
9043 7102
9044 7103
9045 7104
9046 7104
9047 7105
9048 7106
9049 7107
9050 7108
9051 7109
9052 7110
9053 7111
9054 7112
9055 7113
9056 7114
9057 7114
9058 7115
9059 7116
9060 7117
9061 7118
9062 7119
9063 7120
9064 7121
9065 7122
9066 7123
9067 7124
9068 7125
9069 7126
9070 7127
9071 7127
9072 7128
9073 7129
9074 7130
9075 7130
9076 7131
9077 7132
9078 7133
9079 7134
9080 7135
9081 7136
9082 7137
9083 7138
9084 7138
9085 7139
9086 7140
9087 7141
9088 7142
9089 7143
9090 7144
9091 7145
9092 7146
9093 7147
9094 7147
9095 7148
9096 7148
9097 7149
9098 7149
9099 7150
9100 7150
9101 7151
9102 7152
9103 7153
9104 7154
9105 7155
9106 7156
9107 7156
9108 7156
9109 7157
9110 7158
9111 7159
9112 7160
9113 7161
9114 7162
9115 7162
9116 7162
9117 7163
9118 7164
9119 7165
9120 7166
9121 7167
9122 7168
9123 7169
9124 7170
9125 7171
9126 7172
9127 7173
9128 7174
9129 7175
9130 7176
9131 7177
9132 7178
9133 7178
9134 7179
9135 7180
9136 7181
9137 7182
9138 7183
9139 7184
9140 7185
9141 7185
9142 7186
9143 7186
9144 7187
9145 7188
9146 7188
9147 7188
9148 7189
9149 7190
9150 7191
9151 7192
9152 7192
9153 7192
9154 7192
9155 7193
9156 7194
9157 7194
9158 7195
9159 7196
9160 7197
9161 7197
9162 7197
9163 7197
9164 7197
9165 7198
9166 7199
9167 7200
9168 7201
9169 7202
9170 7202
9171 7202
9172 7203
9173 7204
9174 7205
9175 7206
9176 7207
9177 7208
9178 7209
9179 7210
9180 7211
9181 7212
9182 7213
9183 7214
9184 7215
9185 7216
9186 7216
9187 7217
9188 7217
9189 7217
9190 7218
9191 7219
9192 7220
9193 7221
9194 7222
9195 7222
9196 7222
9197 7222
9198 7222
9199 7223
9200 7224
9201 7225
9202 7225
9203 7226
9204 7227
9205 7228
9206 7229
9207 7229
9208 7229
9209 7230
9210 7231
9211 7231
9212 7231
9213 7232
9214 7232
9215 7233
9216 7234
9217 7235
9218 7236
9219 7237
9220 7238
9221 7239
9222 7240
9223 7241
9224 7242
9225 7243
9226 7243
9227 7244
9228 7245
9229 7245
9230 7246
9231 7247
9232 7248
9233 7248
9234 7249
9235 7249
9236 7250
9237 7251
9238 7252
9239 7253
9240 7254
9241 7255
9242 7255
9243 7256
9244 7257
9245 7258
9246 7259
9247 7259
9248 7259
9249 7260
9250 7261
9251 7262
9252 7263
9253 7264
9254 7265
9255 7266
9256 7267
9257 7268
9258 7269
9259 7270
9260 7271
9261 7272
9262 7273
9263 7274
9264 7275
9265 7276
9266 7277
9267 7278
9268 7279
9269 7279
9270 7280
9271 7281
9272 7281
9273 7282
9274 7282
9275 7283
9276 7283
9277 7283
9278 7284
9279 7284
9280 7284
9281 7285
9282 7286
9283 7287
9284 7288
9285 7288
9286 7288
9287 7288
9288 7288
9289 7288
9290 7289
9291 7290
9292 7291
9293 7292
9294 7293
9295 7294
9296 7295
9297 7296
9298 7297
9299 7298
9300 7299
9301 7300
9302 7301
9303 7302
9304 7303
9305 7304
9306 7305
9307 7306
9308 7307
9309 7307
9310 7308
9311 7309
9312 7309
9313 7310
9314 7310
9315 7310
9316 7311
9317 7311
9318 7311
9319 7312
9320 7313
9321 7314
9322 7315
9323 7316
9324 7316
9325 7317
9326 7318
9327 7319
9328 7320
9329 7321
9330 7322
9331 7322
9332 7322
9333 7323
9334 7323
9335 7323
9336 7324
9337 7325
9338 7325
9339 7326
9340 7326
9341 7327
9342 7327
9343 7328
9344 7329
9345 7330
9346 7330
9347 7330
9348 7330
9349 7330
9350 7330
9351 7331
9352 7331
9353 7331
9354 7332
9355 7333
9356 7333
9357 7334
9358 7334
9359 7335
9360 7336
9361 7337
9362 7338
9363 7339
9364 7339
9365 7339
9366 7340
9367 7340
9368 7341
9369 7341
9370 7342
9371 7343
9372 7344
9373 7345
9374 7346
9375 7347
9376 7348
9377 7349
9378 7350
9379 7351
9380 7351
9381 7352
9382 7353
9383 7354
9384 7355
9385 7355
9386 7355
9387 7356
9388 7356
9389 7356
9390 7357
9391 7358
9392 7359
9393 7360
9394 7361
9395 7362
9396 7363
9397 7364
9398 7365
9399 7366
9400 7367
9401 7368
9402 7368
9403 7369
9404 7370
9405 7371
9406 7372
9407 7373
9408 7374
9409 7375
9410 7375
9411 7376
9412 7377
9413 7378
9414 7379
9415 7380
9416 7380
9417 7381
9418 7382
9419 7383
9420 7383
9421 7384
9422 7384
9423 7385
9424 7386
9425 7387
9426 7388
9427 7389
9428 7390
9429 7390
9430 7391
9431 7391
9432 7392
9433 7393
9434 7394
9435 7395
9436 7396
9437 7397
9438 7398
9439 7399
9440 7400
9441 7401
9442 7402
9443 7403
9444 7403
9445 7404
9446 7405
9447 7405
9448 7406
9449 7407
9450 7407
9451 7408
9452 7409
9453 7410
9454 7410
9455 7410
9456 7411
9457 7412
9458 7413
9459 7414
9460 7415
9461 7416
9462 7417
9463 7417
9464 7418
9465 7419
9466 7419
9467 7419
9468 7420
9469 7421
9470 7421
9471 7421
9472 7421
9473 7422
9474 7423
9475 7424
9476 7425
9477 7426
9478 7427
9479 7428
9480 7429
9481 7430
9482 7430
9483 7431
9484 7431
9485 7432
9486 7433
9487 7434
9488 7435
9489 7436
9490 7437
9491 7438
9492 7439
9493 7440
9494 7441
9495 7441
9496 7442
9497 7443
9498 7444
9499 7445
9500 7445
9501 7446
9502 7446
9503 7446
9504 7447
9505 7448
9506 7449
9507 7450
9508 7451
9509 7452
9510 7453
9511 7454
9512 7455
9513 7456
9514 7457
9515 7458
9516 7458
9517 7459
9518 7460
9519 7460
9520 7461
9521 7462
9522 7462
9523 7463
9524 7464
9525 7465
9526 7466
9527 7467
9528 7467
9529 7468
9530 7469
9531 7469
9532 7470
9533 7471
9534 7472
9535 7473
9536 7474
9537 7474
9538 7474
9539 7474
9540 7475
9541 7476
9542 7477
9543 7478
9544 7479
9545 7479
9546 7480
9547 7481
9548 7482
9549 7483
9550 7483
9551 7483
9552 7484
9553 7485
9554 7486
9555 7486
9556 7487
9557 7488
9558 7488
9559 7489
9560 7490
9561 7491
9562 7492
9563 7493
9564 7494
9565 7494
9566 7495
9567 7496
9568 7497
9569 7498
9570 7499
9571 7500
9572 7501
9573 7502
9574 7503
9575 7504
9576 7505
9577 7506
9578 7507
9579 7508
9580 7509
9581 7510
9582 7510
9583 7511
9584 7512
9585 7513
9586 7514
9587 7515
9588 7516
9589 7517
9590 7518
9591 7519
9592 7519
9593 7520
9594 7521
9595 7522
9596 7523
9597 7524
9598 7525
9599 7526
9600 7527
9601 7527
9602 7528
9603 7529
9604 7529
9605 7530
9606 7531
9607 7531
9608 7532
9609 7533
9610 7534
9611 7535
9612 7536
9613 7537
9614 7538
9615 7539
9616 7540
9617 7541
9618 7541
9619 7542
9620 7543
9621 7544
9622 7545
9623 7545
9624 7546
9625 7547
9626 7547
9627 7548
9628 7549
9629 7550
9630 7550
9631 7551
9632 7552
9633 7553
9634 7553
9635 7554
9636 7555
9637 7555
9638 7556
9639 7557
9640 7558
9641 7559
9642 7559
9643 7560
9644 7560
9645 7561
9646 7562
9647 7563
9648 7563
9649 7564
9650 7565
9651 7566
9652 7567
9653 7568
9654 7569
9655 7570
9656 7571
9657 7572
9658 7573
9659 7574
9660 7575
9661 7576
9662 7577
9663 7578
9664 7579
9665 7580
9666 7581
9667 7582
9668 7583
9669 7584
9670 7585
9671 7586
9672 7587
9673 7588
9674 7588
9675 7589
9676 7590
9677 7591
9678 7592
9679 7593
9680 7593
9681 7594
9682 7595
9683 7596
9684 7597
9685 7598
9686 7599
9687 7600
9688 7600
9689 7601
9690 7602
9691 7602
9692 7603
9693 7604
9694 7605
9695 7606
9696 7607
9697 7608
9698 7608
9699 7609
9700 7610
9701 7611
9702 7612
9703 7613
9704 7614
9705 7614
9706 7615
9707 7616
9708 7617
9709 7617
9710 7618
9711 7619
9712 7620
9713 7621
9714 7622
9715 7623
9716 7624
9717 7625
9718 7626
9719 7627
9720 7628
9721 7629
9722 7630
9723 7631
9724 7632
9725 7633
9726 7633
9727 7634
9728 7635
9729 7635
9730 7636
9731 7637
9732 7637
9733 7638
9734 7639
9735 7640
9736 7641
9737 7642
9738 7643
9739 7644
9740 7645
9741 7646
9742 7646
9743 7647
9744 7648
9745 7649
9746 7650
9747 7651
9748 7652
9749 7653
9750 7654
9751 7655
9752 7656
9753 7657
9754 7658
9755 7659
9756 7659
9757 7659
9758 7660
9759 7661
9760 7661
9761 7662
9762 7663
9763 7664
9764 7665
9765 7666
9766 7666
9767 7667
9768 7668
9769 7669
9770 7670
9771 7671
9772 7672
9773 7672
9774 7673
9775 7674
9776 7675
9777 7676
9778 7677
9779 7678
9780 7679
9781 7680
9782 7681
9783 7682
9784 7683
9785 7684
9786 7685
9787 7686
9788 7686
9789 7687
9790 7688
9791 7689
9792 7690
9793 7691
9794 7692
9795 7693
9796 7694
9797 7695
9798 7696
9799 7696
9800 7697
9801 7698
9802 7699
9803 7700
9804 7701
9805 7702
9806 7703
9807 7704
9808 7705
9809 7706
9810 7707
9811 7708
9812 7708
9813 7709
9814 7709
9815 7709
9816 7710
9817 7711
9818 7712
9819 7713
9820 7714
9821 7715
9822 7716
9823 7717
9824 7718
9825 7718
9826 7718
9827 7718
9828 7719
9829 7719
9830 7720
9831 7721
9832 7722
9833 7723
9834 7724
9835 7725
9836 7725
9837 7726
9838 7727
9839 7728
9840 7729
9841 7730
9842 7731
9843 7732
9844 7733
9845 7734
9846 7734
9847 7734
9848 7734
9849 7735
9850 7736
9851 7737
9852 7738
9853 7739
9854 7740
9855 7740
9856 7741
9857 7742
9858 7742
9859 7742
9860 7743
9861 7744
9862 7744
9863 7745
9864 7746
9865 7747
9866 7748
9867 7749
9868 7750
9869 7751
9870 7752
9871 7753
9872 7754
9873 7755
9874 7756
9875 7757
9876 7758
9877 7759
9878 7759
9879 7760
9880 7761
9881 7762
9882 7763
9883 7764
9884 7764
9885 7765
9886 7766
9887 7767
9888 7768
9889 7769
9890 7770
9891 7770
9892 7771
9893 7772
9894 7773
9895 7773
9896 7774
9897 7775
9898 7776
9899 7777
9900 7778
9901 7779
9902 7780
9903 7780
9904 7781
9905 7782
9906 7783
9907 7784
9908 7785
9909 7785
9910 7785
9911 7786
9912 7787
9913 7788
9914 7789
9915 7790
9916 7791
9917 7792
9918 7793
9919 7794
9920 7795
9921 7795
9922 7796
9923 7797
9924 7798
9925 7798
9926 7798
9927 7799
9928 7799
9929 7799
9930 7800
9931 7801
9932 7801
9933 7802
9934 7803
9935 7804
9936 7805
9937 7806
9938 7806
9939 7807
9940 7807
9941 7807
9942 7808
9943 7809
9944 7809
9945 7810
9946 7811
9947 7811
9948 7812
9949 7813
9950 7814
9951 7814
9952 7814
9953 7815
9954 7816
9955 7817
9956 7818
9957 7818
9958 7819
9959 7820
9960 7821
9961 7822
9962 7823
9963 7824
9964 7825
9965 7825
9966 7826
9967 7827
9968 7828
9969 7829
9970 7830
9971 7831
9972 7832
9973 7832
9974 7833
9975 7834
9976 7835
9977 7835
9978 7835
9979 7836
9980 7837
9981 7838
9982 7839
9983 7840
9984 7841
9985 7842
9986 7843
9987 7843
9988 7844
9989 7845
9990 7846
9991 7847
9992 7847
9993 7848
9994 7849
9995 7850
9996 7851
9997 7851
9998 7852
9999 7853
10000 7854
